     O    97   0.069865   0.131436   0.136008      7.83436	  -0.0461	-0.0648402922463
     O    98   0.569786   0.131418   0.135405      7.80966	  -0.0379	-0.0648230932253
     O    99   0.069876   0.631340   0.135518      5.91024	  -0.0090	-0.0382552945783
     O   100   0.569592   0.631307   0.136523      5.87399	   0.0515	-0.0382103104429
     O   101   0.429414   0.368899   0.863155      9.02211	   0.0125	-0.0597310700971
     O   102   0.929742   0.368643   0.863617      7.93103	   0.0134	-0.0570154335968
     O   103   0.432122   0.869211   0.860053      5.02376	   0.1452	0.0311135430709
     O   104   0.921227   0.861698   0.845419      2.43774	   0.3654	0.108028659443
     O   105   0.430199   0.131478   0.363697      7.35035	  -0.0500	-0.0486098608208
     O   106   0.930002   0.131644   0.364118      6.66191	  -0.0444	-0.0447791816305
     O   107   0.430097   0.631354   0.364255      5.25357	   0.0069	-0.00372706238551
     O   108   0.931114   0.629955   0.361973      4.27026	   0.0056	0.0104267181103
     O   109   0.069211   0.368723   0.635816      7.99282	   0.0181	-0.0449318794868
     O   110   0.569421   0.368630   0.635591      7.99634	   0.0161	-0.0449526640858
     O   111   0.069263   0.865724   0.639801      2.81320	   0.1114	0.208684654115
     O   112   0.580944   0.864594   0.634216      2.70737	   0.1973	0.223349253655
     O   113   0.319447   0.381421   0.135365      9.75276	  -0.0250	-0.0741276006989
     O   114   0.819665   0.381299   0.135662      8.83303	  -0.0376	-0.0728924156209
     O   115   0.320960   0.881883   0.135628      6.56919	   0.0034	-0.0311855367543
     O   116   0.820521   0.882546   0.135328      5.12463	  -0.0143	-0.0249232412831
     O   117   0.180274   0.118818   0.865149      6.93802	   0.2842	-0.0400316072583
     O   118   0.680799   0.119310   0.862082      6.37532	   0.1119	-0.0353363566956
     O   119   0.178156   0.619728   0.861730      5.03207	   0.0265	0.00718539695303
     O   120   0.678602   0.616734   0.865315      4.30769	   0.0033	0.0204754555543
     O   121   0.180001   0.381345   0.363593      8.83660	  -0.0391	-0.0618525833465
     O   122   0.679850   0.381292   0.363572      7.86242	  -0.0276	-0.0596087269127
     O   123   0.179643   0.881857   0.363200      5.12328	  -0.0298	0.013300173005
     O   124   0.681960   0.880763   0.365795      3.12551	  -0.0052	0.0453020644727
     O   125   0.319211   0.118624   0.636054      7.63374	   0.0887	-0.0219635926315
     O   126   0.819506   0.119455   0.633269      5.70386	   0.3433	-0.00513541886348
     O   127   0.319735   0.618964   0.635872      5.98931	   0.0280	0.0414098854207
     O   128   0.817384   0.619644   0.636262      3.13857	   0.0326	0.151077310466
     O   129   0.052817   0.292033   0.136005     10.12478	  -0.0474	-0.0766911416267
     O   130   0.552651   0.292138   0.135518     10.16465	  -0.0404	-0.0767922552379
     O   131   0.053157   0.792195   0.135199      5.07673	   0.0515	-0.0236245062612
     O   132   0.553624   0.792143   0.136579      5.14609	  -0.0066	-0.0242649403122
     O   133   0.446776   0.208080   0.863386      8.68352	   0.0341	-0.0576624991676
     O   134   0.946854   0.207803   0.863563      7.65179	   0.0457	-0.054697550181
     O   135   0.448397   0.707795   0.862728      4.98420	   0.1298	0.0279312199502
     O   136   0.943371   0.708469   0.861559      2.83831	   0.0953	0.0766034330792
     O   137   0.446731   0.292131   0.363253      9.72651	  -0.0406	-0.0663539325108
     O   138   0.946936   0.292086   0.363846      9.30794	  -0.0435	-0.065088187239
     O   139   0.443953   0.792009   0.362397      4.25683	   0.0097	0.0248858719142
     O   140   0.945981   0.792532   0.364028      3.14621	  -0.0106	0.0519050160138
     O   141   0.053105   0.207820   0.636726      7.64616	   0.0418	-0.0414204753131
     O   142   0.551879   0.208101   0.635459      7.76685	   0.0234	-0.0421611453965
     O   143   0.043845   0.710755   0.634202      2.74995	   0.1788	0.21469303368
     O   144   0.556906   0.707059   0.636387      3.11557	   0.0996	0.172305119771
     O   145   0.303161   0.042256   0.136169      7.67113	  -0.0251	-0.0527884312928
     O   146   0.803035   0.042464   0.136226      6.51593	  -0.0214	-0.0495011208441
     O   147   0.302675   0.542083   0.135922      7.76609	  -0.0311	-0.0543105392387
     O   148   0.802641   0.542058   0.135705      6.63318	  -0.0117	-0.0511679886129
     O   149   0.195829   0.458600   0.863044      7.25107	   0.0351	-0.0440811714954
     O   150   0.696667   0.457600   0.863276      6.61067	   0.0343	-0.0400745418994
     O   151   0.198560   0.956900   0.861427      4.98689	   0.0957	0.0116708244004
     O   152   0.690984   0.961113   0.872568      4.08907	   0.6657	0.0258441839227
     O   153   0.197171   0.042159   0.363983      6.65293	   0.0040	-0.0276556498856
     O   154   0.697628   0.042239   0.364060      5.11877	  -0.0176	-0.0167466106659
     O   155   0.196904   0.541966   0.363963      6.76746	  -0.0101	-0.0303066571856
     O   156   0.697055   0.541995   0.363543      5.27047	  -0.0292	-0.0204106491313
     O   157   0.301576   0.458398   0.635804      7.74642	   0.0189	-0.0274589466169
     O   158   0.802721   0.457972   0.635748      6.00107	   0.0379	-0.0136449830863
     O   159   0.304834   0.958291   0.632995      5.71208	   0.3689	0.0499919416121
     O   160   0.801418   0.955389   0.640849      2.80891	   0.0955	0.192733308862
     O   161   0.068991   0.453017   0.133459      7.94788	  -0.0453	-0.0660975753381
     O   162   0.569081   0.452994   0.133420      7.95250	  -0.0419	-0.066104583234
     O   163   0.069853   0.953139   0.131693      5.79897	   0.0059	-0.0367921952883
     O   164   0.569215   0.953083   0.135460      5.79939	   0.0455	-0.036779219955
     O   165   0.429800   0.047521   0.865812      6.61697	   0.0273	-0.0220029883414
     O   166   0.929140   0.047334   0.864788      5.01068	   0.0307	-0.00751223772942
     O   167   0.429447   0.546870   0.865798      6.61565	   0.0926	-0.0219164786721
     O   168   0.930155   0.547032   0.865320      5.00995	   0.1310	-0.00757428526865
     O   169   0.430417   0.452922   0.365718      7.48277	  -0.0467	-0.0503216064195
     O   170   0.930377   0.452782   0.366070      6.80709	  -0.0457	-0.0467746911169
     O   171   0.430880   0.952692   0.366884      5.14149	   0.0306	-0.000100897507101
     O   172   0.932442   0.954735   0.365345      4.13942	  -0.0034	0.0154873977816
     O   173   0.069992   0.047407   0.634355      5.11258	   0.0463	0.0252835204368
     O   174   0.569380   0.046792   0.634045      5.09984	   0.0397	0.0257894940113
     O   175   0.067521   0.547976   0.632530      5.08172	   0.0982	0.0264556755393
     O   176   0.568209   0.546160   0.633427      5.12263	   0.1143	0.0248863801367
     O   177   0.318915   0.203233   0.133449      9.63218	  -0.0105	-0.0734066807073
     O   178   0.819063   0.203321   0.133658      8.70414	  -0.0245	-0.0721112176717
     O   179   0.320085   0.702473   0.133770      6.62734	  -0.0009	-0.0320730681576
     O   180   0.819249   0.702729   0.133825      5.18456	  -0.0244	-0.0258571061055
     O   181   0.180334   0.297341   0.865975      9.69082	   0.0097	-0.0632905823888
     O   182   0.680273   0.297039   0.865534      9.30447	   0.0190	-0.0619542648507
     O   183   0.191145   0.794274   0.874983      4.09748	   0.7282	0.0392438226829
     O   184   0.682323   0.795700   0.866303      2.87972	   0.1348	0.0822112509388
     O   185   0.180915   0.203239   0.366042      8.69254	  -0.0259	-0.0605286691085
     O   186   0.680332   0.203275   0.365589      7.69839	  -0.0205	-0.0581272376843
     O   187   0.179829   0.702700   0.366168      5.15811	  -0.0263	0.0125999242024
     O   188   0.681545   0.703476   0.368582      3.19270	  -0.0394	0.0439793656204
     O   189   0.318526   0.297303   0.633412     10.20028	   0.0202	-0.0526324107433
     O   190   0.818928   0.296904   0.633635      8.84313	   0.0135	-0.0486763025704
     O   191   0.321588   0.796617   0.632656      5.06929	   0.1427	0.100242333694
