    Li     1   0.119942   0.041248   0.002632      6.10737	   0.0128	-0.0505433491811
    Li     2   0.619454   0.042605   0.002031      6.18799	  -0.0574	-0.0470223125179
    Li     3   0.121050   0.539287   0.000080      6.27190	  -0.0313	-0.0527766150029
    Li     4   0.621102   0.538850   0.999806      6.32649	  -0.0815	-0.0468223728625
    Li     5   0.379041   0.459632   0.000700      8.62289	  -0.0669	-0.0650982345954
    Li     6   0.879235   0.458671   0.000870      6.93344	  -0.0579	-0.0564302681363
    Li     7   0.380116   0.962007   0.002498      6.87577	  -0.0001	-0.0384940420593
    Li     8   0.879013   0.968794   0.012665      4.71899	   0.1170	-0.0212942549245
    Li     9   0.381042   0.041369   0.498463      6.23757	  -0.0422	0.00789583427896
    Li    10   0.882985   0.044861   0.494410      4.66556	   0.0298	0.0199726613425
    Li    11   0.378816   0.538874   0.499705      6.42417	  -0.0581	0.00175131322808
    Li    12   0.878145   0.537412   0.499521      4.83907	  -0.0287	0.014167144154
    Li    13   0.120176   0.458972   0.498025      6.96679	  -0.0682	-0.0227290059214
    Li    14   0.619757   0.459159   0.498193      6.38660	  -0.0718	-0.0237171675323
    Li    15   0.122479   0.963914   0.493282      4.67017	   0.0479	0.0771688651876
    Li    16   0.622303   0.958064   0.500752      3.60956	  -0.0636	0.0948256061239
    Li    17   0.370272   0.290780   0.999894     10.69824	  -0.0830	-0.0764318059772
    Li    18   0.870487   0.290828   0.000792      9.41003	  -0.0753	-0.0714610344708
    Li    19   0.375245   0.789246   0.001163      6.22613	  -0.0083	-0.0246075982609
    Li    20   0.870837   0.788058   0.997829      3.47341	  -0.0156	0.00790910212461
    Li    21   0.128918   0.211875   0.003167      8.54396	  -0.0494	-0.0733153803766
    Li    22   0.628734   0.211439   0.001374      8.52132	  -0.0587	-0.0710632096844
    Li    23   0.134280   0.704878   0.006385      4.72000	   0.0433	-0.0282716772544
    Li    24   0.629087   0.708875   0.003636      4.63158	  -0.0071	-0.0212739726779
    Li    25   0.129418   0.290815   0.499228      9.46969	  -0.0773	-0.0513895178393
    Li    26   0.628816   0.290376   0.499089      8.99314	  -0.0807	-0.0527081507933
    Li    27   0.124505   0.789361   0.499456      3.61012	  -0.0573	0.181314461371
    Li    28   0.608722   0.787486   0.490003      2.38214	   0.1662	0.209747828849
    Li    29   0.370382   0.211032   0.497249      8.65090	  -0.0708	-0.0463080355594
    Li    30   0.870749   0.211440   0.497529      7.48324	  -0.0674	-0.0465255538321
    Li    31   0.367061   0.707867   0.498518      4.89674	  -0.0008	0.0800952583552
    Li    32   0.875366   0.697823   0.490821      2.36550	   0.1643	0.166383101467
    Li    33   0.126200   0.126420   0.500382      6.85967	  -0.0548	-0.0197480180708
    Li    34   0.620425   0.125521   0.495653      6.23296	  -0.0271	-0.0203532272311
    Li    35   0.126119   0.621925   0.495216      4.78299	  -0.0046	0.0696650938198
    Li    36   0.625427   0.624871   0.500354      3.75267	  -0.1087	0.0842494758323
    Li    37   0.374167   0.374790   0.498238      8.75479	  -0.0762	-0.0475687465681
    Li    38   0.874561   0.374495   0.498760      7.62634	  -0.0836	-0.0479375677331
    Li    39   0.369569   0.873093   0.491590      4.81080	   0.0630	0.0835534944853
    Li    40   0.883993   0.884337   0.494440      2.22462	   0.4834	0.182958995651
    Li    41   0.377156   0.125844   0.001710      8.53304	  -0.0487	-0.0639958659717
    Li    42   0.875437   0.127228   0.999317      6.80117	  -0.0477	-0.0549144194264
    Li    43   0.375735   0.623360   0.002423      6.94997	  -0.0078	-0.0398265110882
    Li    44   0.875131   0.621995   0.004649      4.69911	  -0.0141	-0.0203347829076
    Li    45   0.124765   0.374967   0.000503      8.63245	  -0.0797	-0.0738212021401
    Li    46   0.624845   0.374795   0.000336      8.64862	  -0.0811	-0.0716882945775
    Li    47   0.141165   0.877214   0.009785      4.71322	   0.1705	-0.0273127312154
    Li    48   0.621945   0.871745   0.009351      4.64606	   0.0787	-0.0212398495493
    Li    49   0.000386   0.043481   0.251255      6.20595	  -0.0688	-0.0109957613747
    Li    50   0.500202   0.042685   0.250810      6.27258	  -0.0623	-0.036750733797
    Li    51   0.999727   0.541548   0.249914      6.32509	  -0.1044	-0.0476062529475
    Li    52   0.500002   0.541567   0.250705      6.39570	  -0.0800	-0.0390094793103
    Li    53   0.999309   0.457132   0.749817      6.33860	  -0.0146	-0.0222168306216
    Li    54   0.498913   0.456894   0.749662      7.04837	  -0.0257	-0.0362659889779
    Li    55   0.998483   0.956433   0.748521      3.45244	   0.0124	0.110328416019
    Li    56   0.496143   0.962490   0.751923      4.72335	   0.1874	0.0328369825069
    Li    57   0.249799   0.292416   0.249944     10.76691	  -0.0981	-0.0676138714336
    Li    58   0.749895   0.292323   0.249592      9.49633	  -0.0975	-0.0724008675283
    Li    59   0.250228   0.791587   0.250746      6.25366	  -0.0546	0.0148723919566
    Li    60   0.750811   0.791794   0.253560      3.62473	  -0.1168	0.00218952776446
    Li    61   0.250280   0.209643   0.749540      8.52594	   0.0116	-0.0569349913663
    Li    62   0.748948   0.210039   0.749862      7.44627	   0.0049	-0.04493260688
    Li    63   0.257332   0.704480   0.749499      4.76642	   0.1678	0.0285354252202
    Li    64   0.746484   0.699550   0.769861      2.36771	   0.2051	0.170821572823
    Ti    65   0.000226   0.208926   0.250398      8.52412	  -0.0464	-0.0563052398346
    Ti    66   0.500191   0.209351   0.249740      8.58672	  -0.0462	-0.0661581904489
    Ti    67   0.999879   0.708520   0.248812      4.70346	   0.0114	-0.0186430482901
    Ti    68   0.499252   0.708071   0.249350      4.80408	   0.0166	-0.0039434385008
    Ti    69   0.000231   0.292267   0.749879      8.98925	  -0.0011	-0.0646321656771
    Ti    70   0.499056   0.292061   0.748805      9.49330	  -0.0041	-0.0583815504573
    Ti    71   0.026581   0.788585   0.767574      2.31326	  -0.0938	0.0392486280728
    Ti    72   0.501380   0.788065   0.748507      3.64388	   0.1056	0.0896197952777
    Ti    73   0.249708   0.458075   0.249074      8.66888	  -0.0456	-0.0517813298721
    Ti    74   0.749772   0.458045   0.249818      7.02550	  -0.0463	-0.0582507463598
    Ti    75   0.250096   0.959827   0.251144      6.88073	  -0.0129	-0.00882209282603
    Ti    76   0.749777   0.959342   0.251681      4.63743	   0.0011	-0.0198740154467
    Ti    77   0.248538   0.043527   0.751720      6.18775	   0.0954	-0.0188140063291
    Ti    78   0.751000   0.047169   0.744039      4.63351	   0.0813	0.0266290164107
    Ti    79   0.247844   0.540889   0.749330      6.30324	   0.0337	-0.0213557840004
    Ti    80   0.748627   0.539261   0.749137      4.78017	   0.0272	0.0195701789211
    Ti    81   0.999834   0.374843   0.249799      8.68216	  -0.0539	-0.0716084804714
    Ti    82   0.499785   0.375141   0.249465      8.73359	  -0.0512	-0.0670859728049
    Ti    83   0.999715   0.874696   0.247348      4.65437	   0.0103	-0.0176769244043
    Ti    84   0.499510   0.875505   0.249844      4.74174	   0.0220	-0.00229440878275
    Ti    85   0.002208   0.126619   0.751832      6.17618	   0.0761	-0.0435565022072
    Ti    86   0.498543   0.126582   0.749366      6.89008	   0.0243	-0.0332143972375
    Ti    87   0.996909   0.623520   0.749887      3.65501	   0.0704	0.0939902005309
    Ti    88   0.499346   0.622316   0.749806      4.79543	   0.0517	0.0297918112595
    Ti    89   0.250372   0.125853   0.249112      8.54945	  -0.0321	-0.0498236088907
    Ti    90   0.749674   0.125754   0.248812      6.87591	  -0.0346	-0.0565768859822
    Ti    91   0.250250   0.623927   0.251159      6.96028	  -0.0289	-0.0114308388999
    Ti    92   0.749440   0.623930   0.249202      4.77632	  -0.0073	-0.0228892432799
    Ti    93   0.249705   0.375249   0.749626      8.66269	  -0.0013	-0.0580673930489
    Ti    94   0.749526   0.374076   0.749594      7.61827	  -0.0036	-0.0467346878554
    Ti    95   0.258289   0.879113   0.743568      4.71103	   0.1218	0.0331359553246
    Ti    96   0.738952   0.884844   0.768299      2.27114	  -0.1089	0.181347614986
     O    97   0.069865   0.131436   0.136008      7.81271	  -0.0461	-0.0578332254471
     O    98   0.569786   0.131418   0.135405      7.78841	  -0.0379	-0.0644280555137
     O    99   0.069876   0.631340   0.135518      5.88162	  -0.0090	-0.0230813980499
     O   100   0.569592   0.631307   0.136523      5.84599	   0.0515	-0.0374527397075
     O   101   0.429414   0.368899   0.863155      9.02964	   0.0125	-0.0653974575308
     O   102   0.929742   0.368643   0.863617      7.92626	   0.0134	-0.0553633924896
     O   103   0.432122   0.869211   0.860053      5.03738	   0.1452	0.00790255047736
     O   104   0.921227   0.861698   0.845419      2.42462	   0.3654	0.122971134008
     O   105   0.430199   0.131478   0.363697      7.37892	  -0.0500	-0.0403488437651
     O   106   0.930002   0.131644   0.364118      6.64440	  -0.0444	-0.0471385352414
     O   107   0.430097   0.631354   0.364255      5.29355	   0.0069	0.0146984375404
     O   108   0.931114   0.629955   0.361973      4.24246	   0.0056	0.00446697256777
     O   109   0.069211   0.368723   0.635816      8.00449	   0.0181	-0.0503721408957
     O   110   0.569421   0.368630   0.635591      8.00789	   0.0161	-0.0455625049908
     O   111   0.069263   0.865724   0.639801      2.84649	   0.1114	0.12003329508
     O   112   0.580944   0.864594   0.634216      2.73835	   0.1973	0.214030088316
     O   113   0.319447   0.381421   0.135365      9.77575	  -0.0250	-0.0720330175
     O   114   0.819665   0.381299   0.135662      8.79115	  -0.0376	-0.0729747071379
     O   115   0.320960   0.881883   0.135628      6.60287	   0.0034	-0.0246133053595
     O   116   0.820521   0.882546   0.135328      5.05194	  -0.0143	-0.0253382596362
     O   117   0.180274   0.118818   0.865149      6.96516	   0.2842	-0.0552761094562
     O   118   0.680799   0.119310   0.862082      6.36320	   0.1119	-0.0386754562473
     O   119   0.178156   0.619728   0.861730      5.06914	   0.0265	-0.0252646704681
     O   120   0.678602   0.616734   0.865315      4.28923	   0.0033	0.0125535044743
     O   121   0.180001   0.381345   0.363593      8.83637	  -0.0391	-0.0515296627314
     O   122   0.679850   0.381292   0.363572      7.85657	  -0.0276	-0.0574555003183
     O   123   0.179643   0.881857   0.363200      5.12275	  -0.0298	0.0679925972877
     O   124   0.681960   0.880763   0.365795      3.11080	  -0.0052	0.0577497247137
     O   125   0.319211   0.118624   0.636054      7.68240	   0.0887	-0.0257033427333
     O   126   0.819506   0.119455   0.633269      5.70386	   0.3433	-0.00513544020873
     O   127   0.319735   0.618964   0.635872      6.05078	   0.0280	0.0330393328605
     O   128   0.817384   0.619644   0.636262      3.13856	   0.0326	0.151072098094
     O   129   0.052817   0.292033   0.136005     10.10607	  -0.0474	-0.0721570311335
     O   130   0.552651   0.292138   0.135518     10.15040	  -0.0404	-0.0764201532813
     O   131   0.053157   0.792195   0.135199      5.03959	   0.0515	-0.000966192066735
     O   132   0.553624   0.792143   0.136579      5.11790	  -0.0066	-0.0229859963902
     O   133   0.446776   0.208080   0.863386      8.68945	   0.0341	-0.0633570402978
     O   134   0.946854   0.207803   0.863563      7.64811	   0.0457	-0.0526747597381
     O   135   0.448397   0.707795   0.862728      4.99437	   0.1298	0.00636303141634
     O   136   0.943371   0.708469   0.861559      2.82806	   0.0953	0.0906980972225
     O   137   0.446731   0.292131   0.363253      9.74577	  -0.0406	-0.0614176906278
     O   138   0.946936   0.292086   0.363846      9.29559	  -0.0435	-0.0667289932529
     O   139   0.443953   0.792009   0.362397      4.30144	   0.0097	0.0509786809605
     O   140   0.945981   0.792532   0.364028      3.10952	  -0.0106	0.0408643875813
     O   141   0.053105   0.207820   0.636726      7.65687	   0.0418	-0.0476434771228
     O   142   0.551879   0.208101   0.635459      7.78047	   0.0234	-0.0428958452616
     O   143   0.043845   0.710755   0.634202      2.77711	   0.1788	0.122819805103
     O   144   0.556906   0.707059   0.636387      3.14805	   0.0996	0.16406312359
     O   145   0.303161   0.042256   0.136169      7.69583	  -0.0251	-0.0483487036478
     O   146   0.803035   0.042464   0.136226      6.46039	  -0.0214	-0.049782454539
     O   147   0.302675   0.542083   0.135922      7.79040	  -0.0311	-0.0500550373844
     O   148   0.802641   0.542058   0.135705      6.57853	  -0.0117	-0.0514392293116
     O   149   0.195829   0.458600   0.863044      7.27993	   0.0351	-0.0577042546446
     O   150   0.696667   0.457600   0.863276      6.59839	   0.0343	-0.0427763181551
     O   151   0.198560   0.956900   0.861427      5.02960	   0.0957	-0.0213531502982
     O   152   0.690984   0.961113   0.872568      4.06758	   0.6657	0.0179809531334
     O   153   0.197171   0.042159   0.363983      6.65491	   0.0040	-0.00377451388129
     O   154   0.697628   0.042239   0.364060      5.10765	  -0.0176	-0.0121346184294
     O   155   0.196904   0.541966   0.363963      6.76937	  -0.0101	-0.00771820532426
     O   156   0.697055   0.541995   0.363543      5.25967	  -0.0292	-0.0160545295561
     O   157   0.301576   0.458398   0.635804      7.79105	   0.0189	-0.0311042873728
     O   158   0.802721   0.457972   0.635748      6.00113	   0.0379	-0.0136552649506
     O   159   0.304834   0.958291   0.632995      5.77306	   0.3689	0.0407849285363
     O   160   0.801418   0.955389   0.640849      2.80902	   0.0955	0.192508977098
     O   161   0.068991   0.453017   0.133459      7.92681	  -0.0453	-0.0596179457771
     O   162   0.569081   0.452994   0.133420      7.93143	  -0.0419	-0.0657790472651
     O   163   0.069853   0.953139   0.131693      5.77062	   0.0059	-0.0219347294994
     O   164   0.569215   0.953083   0.135460      5.77088	   0.0455	-0.0360682443642
     O   165   0.429800   0.047521   0.865812      6.62675	   0.0273	-0.0340269551885
     O   166   0.929140   0.047334   0.864788      5.00294	   0.0307	-0.00315222707848
     O   167   0.429447   0.546870   0.865798      6.62549	   0.0926	-0.033968168551
     O   168   0.930155   0.547032   0.865320      5.00225	   0.1310	-0.00317116748031
     O   169   0.430417   0.452922   0.365718      7.51092	  -0.0467	-0.0424294142875
     O   170   0.930377   0.452782   0.366070      6.79022	  -0.0457	-0.0490382392035
     O   171   0.430880   0.952692   0.366884      5.18235	   0.0306	0.0191107745752
     O   172   0.932442   0.954735   0.365345      4.11150	  -0.0034	0.00906599829745
     O   173   0.069992   0.047407   0.634355      5.13086	   0.0463	0.00788487156734
     O   174   0.569380   0.046792   0.634045      5.11800	   0.0397	0.0240332524282
     O   175   0.067521   0.547976   0.632530      5.09967	   0.0982	0.00910862934321
     O   176   0.568209   0.546160   0.633427      5.14090	   0.1143	0.0231779676367
     O   177   0.318915   0.203233   0.133449      9.65527	  -0.0105	-0.0713351448932
     O   178   0.819063   0.203321   0.133658      8.66134	  -0.0245	-0.0722002904623
     O   179   0.320085   0.702473   0.133770      6.66069	  -0.0009	-0.0258429023768
     O   180   0.819249   0.702729   0.133825      5.11240	  -0.0244	-0.0262834321381
     O   181   0.180334   0.297341   0.865975      9.71024	   0.0097	-0.0719134285652
     O   182   0.680273   0.297039   0.865534      9.29587	   0.0190	-0.0638056968198
     O   183   0.191145   0.794274   0.874983      4.14579	   0.7282	-0.00691125436725
     O   184   0.682323   0.795700   0.866303      2.85146	   0.1348	0.0671308008559
     O   185   0.180915   0.203239   0.366042      8.69271	  -0.0259	-0.0498767490678
     O   186   0.680332   0.203275   0.365589      7.69255	  -0.0205	-0.0559020961904
     O   187   0.179829   0.702700   0.366168      5.15826	  -0.0263	0.0658233630719
     O   188   0.681545   0.703476   0.368582      3.17898	  -0.0394	0.0561743367412
     O   189   0.318526   0.297303   0.633412     10.23653	   0.0202	-0.0545580064583
     O   190   0.818928   0.296904   0.633635      8.84313	   0.0135	-0.0486763003964
     O   191   0.321588   0.796617   0.632656      5.14152	   0.1427	0.0870921367534
