warning: structure for ewald must be extracted from correction_file (only axis is needed)
Number of R, G vectors = 13687, 10082
warning: defect index should be automatic implement
0.00884548377527 5.0831142155e-34 -0.00732238600226 361.90256041589
0.551212983817
0.00912430724519 5.08307772611e-34 -0.00732238600226 361.90256041589
0.652119911483
0.00913168866481 4.99069787776e-34 -0.00732238600226 361.90256041589
0.654791266146
0.0113176179823 4.99084806673e-34 -0.00732238600226 361.90256041589
1.44588468303
0.0093449489172 5.01607507302e-34 -0.00732238600226 361.90256041589
0.731970697518
0.00958480969669 5.01635680206e-34 -0.00732238600226 361.90256041589
0.818776927759
0.00943465170551 4.78981343978e-34 -0.00732238600226 361.90256041589
0.764434366286
0.00974549977985 4.78569374388e-34 -0.00732238600226 361.90256041589
0.876931080289
0.0101599818582 5.08311099785e-34 -0.00732238600226 361.90256041589
1.02693320569
0.0106668457455 5.08301446839e-34 -0.00732238600226 361.90256041589
1.21036854427
0.0122266195842 4.99083971057e-34 -0.00732238600226 361.90256041589
1.77485469019
0.0157101302658 4.99134116809e-34 -0.00732238600226 361.90256041589
3.03554612508
0.0105356574302 5.01626856111e-34 -0.00732238600226 361.90256041589
1.16289115708
0.0135241330244 5.01621363729e-34 -0.00732238600226 361.90256041589
2.24442812638
0.010804585495 4.78865850539e-34 -0.00732238600226 361.90256041589
1.26021691231
0.0158027870635 4.79219408777e-34 -0.00732238600226 361.90256041589
3.0690788574
0.0102113694361 5.05657434075e-34 -0.00732238600226 361.90256041589
1.0455305017
0.00943015473246 5.05656530553e-34 -0.00732238600226 361.90256041589
0.762806900223
0.00945280212577 4.88524597047e-34 -0.00732238600226 361.90256041589
0.77100304985
0.0118808353001 4.88583902864e-34 -0.00732238600226 361.90256041589
1.64971447241
0.00897197189961 5.06927342214e-34 -0.00732238600226 361.90256041589
0.596989359877
0.00930126510172 5.06933256463e-34 -0.00732238600226 361.90256041589
0.716161412848
0.00920418328544 4.92518802848e-34 -0.00732238600226 361.90256041589
0.681027254967
0.00966224701496 4.92339556864e-34 -0.00732238600226 361.90256041589
0.846801691514
0.0102184036471 5.05656784886e-34 -0.00732238600226 361.90256041589
1.04807620067
0.0119988426083 5.05664939766e-34 -0.00732238600226 361.90256041589
1.69242161938
0.0109351386442 4.88518838049e-34 -0.00732238600226 361.90256041589
1.30746443128
0.0163000417546 4.88612411911e-34 -0.00732238600226 361.90256041589
3.24903660331
0.0107239460669 5.06938767662e-34 -0.00732238600226 361.90256041589
1.2310332968
0.0116604772624 5.06933238744e-34 -0.00732238600226 361.90256041589
1.56996633435
0.0126833600389 4.92384854644e-34 -0.00732238600226 361.90256041589
1.94015023018
0.0186667171818 4.92832855115e-34 -0.00732238600226 361.90256041589
4.10554250009
0.00985612095453 5.07853638797e-34 -0.00732238600226 361.90256041589
0.916965166642
0.0109281343148 5.07860897228e-34 -0.00732238600226 361.90256041589
1.30492954651
0.0108183430117 4.96014963464e-34 -0.00732238600226 361.90256041589
1.26519579282
0.0156980097661 4.95898163318e-34 -0.00732238600226 361.90256041589
3.0311596852
0.0114328694138 5.03868920541e-34 -0.00732238600226 361.90256041589
1.4875944712
0.0131833938641 5.0387598212e-34 -0.00732238600226 361.90256041589
2.12111375181
0.0126713548687 4.84120504227e-34 -0.00732238600226 361.90256041589
1.93580552835
0.0190456868116 4.83497168844e-34 -0.00732238600226 361.90256041589
4.24269257942
0.00908573808258 5.07858298894e-34 -0.00732238600226 361.90256041589
0.638161632783
0.0101734273972 5.07847070933e-34 -0.00732238600226 361.90256041589
1.03179918067
0.00942721540992 4.9595815427e-34 -0.00732238600226 361.90256041589
0.76174315187
0.00970720834191 4.96012184174e-34 -0.00732238600226 361.90256041589
0.863073310855
0.00906164144642 5.03864673885e-34 -0.00732238600226 361.90256041589
0.629440998461
0.00945118178345 5.03868795843e-34 -0.00732238600226 361.90256041589
0.770416643817
0.00922250742549 4.8389292521e-34 -0.00732238600226 361.90256041589
0.687658808168
0.00968599658401 4.84194676587e-34 -0.00732238600226 361.90256041589
0.855396721362
0.0091449233099 5.0830535504e-34 -0.00732238600226 361.90256041589
0.65958091809
0.00972194466605 5.08307555964e-34 -0.00732238600226 361.90256041589
0.868406424294
0.0111835945482 4.98991932374e-34 -0.00732238600226 361.90256041589
1.39738125908
0.0108107654871 4.98991271564e-34 -0.00732238600226 361.90256041589
1.26245346727
0.0138766456527 5.01680668279e-34 -0.00732238600226 361.90256041589
2.37200334912
0.0129202975551 5.01687600854e-34 -0.00732238600226 361.90256041589
2.02589852397
0.0167059611054 4.79317578496e-34 -0.00732238600226 361.90256041589
3.39593985567
0.0143509681856 4.78952113168e-34 -0.00732238600226 361.90256041589
2.54366188823
0.00983483385636 5.05626884296e-34 -0.00732238600226 361.90256041589
0.909261311312
0.0105510332633 5.05628631842e-34 -0.00732238600226 361.90256041589
1.16845571046
0.0103234290959 4.88407469099e-34 -0.00732238600226 361.90256041589
1.0860851795
0.0116490502184 4.88397110147e-34 -0.00732238600226 361.90256041589
1.56583085787
0.0104507414108 5.06957481215e-34 -0.00732238600226 361.90256041589
1.13215983223
0.0117225882356 5.06952160092e-34 -0.00732238600226 361.90256041589
1.5924444546
0.0119486506068 4.92536602746e-34 -0.00732238600226 361.90256041589
1.67425700556
0.0189937949236 4.92756261423e-34 -0.00732238600226 361.90256041589
4.2239127723
0.0093184071962 5.06967092599e-34 -0.00732238600226 361.90256041589
0.722365180732
0.0100811918157 5.06961400825e-34 -0.00732238600226 361.90256041589
0.998418887583
0.0114590598189 4.92355509682e-34 -0.00732238600226 361.90256041589
1.49707284587
0.0110142303172 4.92375676055e-34 -0.00732238600226 361.90256041589
1.33608791024
0.00992302944721 5.05629672653e-34 -0.00732238600226 361.90256041589
0.941179521458
0.0116996307052 5.05633535525e-34 -0.00732238600226 361.90256041589
1.58413606558
0.0105440030971 4.88557600884e-34 -0.00732238600226 361.90256041589
1.16591147529
0.0152365511294 4.8858351448e-34 -0.00732238600226 361.90256041589
2.86415662305
0.0100699251186 5.01653106112e-34 -0.00732238600226 361.90256041589
0.994341441052
0.0110322434513 5.01653984462e-34 -0.00732238600226 361.90256041589
1.34260690958
0.01026361354 4.79113078287e-34 -0.00732238600226 361.90256041589
1.06443777669
0.0114719568066 4.79142326649e-34 -0.00732238600226 361.90256041589
1.50174029874
0.00996765469851 5.08305224794e-34 -0.00732238600226 361.90256041589
0.957329514163
0.0107383770971 5.08294635605e-34 -0.00732238600226 361.90256041589
1.2362559236
0.0115131180754 4.99014648511e-34 -0.00732238600226 361.90256041589
1.51663666729
0.016205303807 4.99070695202e-34 -0.00732238600226 361.90256041589
3.2147506975
0.0107426715927 5.03867664504e-34 -0.00732238600226 361.90256041589
1.23781011253
0.0104582795502 5.03860517244e-34 -0.00732238600226 361.90256041589
1.13488790417
0.0114528436939 4.84032108623e-34 -0.00732238600226 361.90256041589
1.49482321429
0.011026364001 4.83987421558e-34 -0.00732238600226 361.90256041589
1.34047912147
0.00964487853164 5.07852020435e-34 -0.00732238600226 361.90256041589
0.840515992932
0.0107903544814 5.07852321422e-34 -0.00732238600226 361.90256041589
1.25506667203
0.0164561600028 4.95951782172e-34 -0.00732238600226 361.90256041589
3.30553619706
0.0143531839593 4.95999507107e-34 -0.00732238600226 361.90256041589
2.54446378241
0.00957185272377 5.07858225646e-34 -0.00732238600226 361.90256041589
0.814087766086
0.0100857895435 5.07859023879e-34 -0.00732238600226 361.90256041589
1.00008281705
0.010256269839 4.9593566507e-34 -0.00732238600226 361.90256041589
1.06178007249
0.011424051808 4.95935520141e-34 -0.00732238600226 361.90256041589
1.48440335706
0.0109900095404 5.03857911027e-34 -0.00732238600226 361.90256041589
1.3273223491
0.0133398990096 5.03886010471e-34 -0.00732238600226 361.90256041589
2.1777533647
0.0119936857629 4.83787726443e-34 -0.00732238600226 361.90256041589
1.69055534384
0.0191813387432 4.83468843975e-34 -0.00732238600226 361.90256041589
4.29178536079
0.00911207937246 5.07812180804e-34 -0.00732238600226 361.90256041589
0.647694613035
0.00958458367026 5.07812333931e-34 -0.00732238600226 361.90256041589
0.818695128217
0.0094584930999 4.95639760527e-34 -0.00732238600226 361.90256041589
0.773062627958
0.010268178263 4.95641090068e-34 -0.00732238600226 361.90256041589
1.06608976163
0.0112751872269 5.0400897745e-34 -0.00732238600226 361.90256041589
1.43052888403
0.0120301223166 5.04015017419e-34 -0.00732238600226 361.90256041589
1.70374182593
0.0125650305051 4.84333903472e-34 -0.00732238600226 361.90256041589
1.89732646893
0.0150487879458 4.84744320029e-34 -0.00732238600226 361.90256041589
2.79620464618
0.010193419617 5.07811830793e-34 -0.00732238600226 361.90256041589
1.0390344162
0.0105892744734 5.07810427565e-34 -0.00732238600226 361.90256041589
1.18229530229
0.0117009328599 4.95639219846e-34 -0.00732238600226 361.90256041589
1.58460731867
0.013112220502 4.95695299753e-34 -0.00732238600226 361.90256041589
2.09535592985
0.0103263473488 5.04013121889e-34 -0.00732238600226 361.90256041589
1.08714130271
0.0129649876235 5.04015325419e-34 -0.00732238600226 361.90256041589
2.04207197412
0.0108496207808 4.8452481052e-34 -0.00732238600226 361.90256041589
1.27651529755
0.0191723395291 4.84586526014e-34 -0.00732238600226 361.90256041589
4.28852852219
0.00966732545857 5.03708641532e-34 -0.00732238600226 361.90256041589
0.84863959326
0.01012130783 5.03711619791e-34 -0.00732238600226 361.90256041589
1.01293697587
0.00991205278563 4.83633876442e-34 -0.00732238600226 361.90256041589
0.937207039527
0.0105090746206 4.83596943696e-34 -0.00732238600226 361.90256041589
1.15327077023
0.00985235239476 5.07913389513e-34 -0.00732238600226 361.90256041589
0.915601315212
0.0106874795002 5.07909635624e-34 -0.00732238600226 361.90256041589
1.21783595295
0.0108646477334 4.96101706832e-34 -0.00732238600226 361.90256041589
1.28195359018
0.0137831607233 4.96219447412e-34 -0.00732238600226 361.90256041589
2.33817091382
0.0102023529468 5.03710495395e-34 -0.00732238600226 361.90256041589
1.04226741116
0.0116675118008 5.03711768971e-34 -0.00732238600226 361.90256041589
1.57251215184
0.0106209553395 4.83635316818e-34 -0.00732238600226 361.90256041589
1.19376068885
0.0132678677245 4.83696103827e-34 -0.00732238600226 361.90256041589
2.15168505818
0.0104135407032 5.07914872252e-34 -0.00732238600226 361.90256041589
1.11869680092
0.0113024468185 5.07908529616e-34 -0.00732238600226 361.90256041589
1.44039420001
0.0125619355603 4.96131822489e-34 -0.00732238600226 361.90256041589
1.89620640048
0.0240970766423 4.96105019946e-34 -0.00732238600226 361.90256041589
6.07080349283
0.0092304008494 5.05634053766e-34 -0.00732238600226 361.90256041589
0.690515458494
0.00982368563019 5.05632093594e-34 -0.00732238600226 361.90256041589
0.905226739717
0.00945874954459 4.88377009471e-34 -0.00732238600226 361.90256041589
0.773155435948
0.0103106076055 4.88379649008e-34 -0.00732238600226 361.90256041589
1.08144504931
0.0106828371761 5.06978398805e-34 -0.00732238600226 361.90256041589
1.21615588396
0.0110733364713 5.06982080161e-34 -0.00732238600226 361.90256041589
1.35747857874
0.0126275084411 4.92388092754e-34 -0.00732238600226 361.90256041589
1.91993739393
0.0143027602424 4.92357775574e-34 -0.00732238600226 361.90256041589
2.52621531016
0.010722174829 5.05632231721e-34 -0.00732238600226 361.90256041589
1.23039228129
0.0112870389149 5.05633072939e-34 -0.00732238600226 361.90256041589
1.43481804025
0.0119451349856 4.88386342376e-34 -0.00732238600226 361.90256041589
1.67298469322
0.0135259668907 4.88360117376e-34 -0.00732238600226 361.90256041589
2.24509180729
0.00994823787792 5.0698185467e-34 -0.00732238600226 361.90256041589
0.950302517074
0.0115186871391 5.06978118591e-34 -0.00732238600226 361.90256041589
1.51865212569
0.0107066662812 4.92254868423e-34 -0.00732238600226 361.90256041589
1.22477969811
0.0178502354367 4.92421126804e-34 -0.00732238600226 361.90256041589
3.810055666
0.00924713949608 5.08308723164e-34 -0.00732238600226 361.90256041589
0.696573217582
0.0095304198127 5.08308157649e-34 -0.00732238600226 361.90256041589
0.799093089482
0.00979282221876 4.98973461698e-34 -0.00732238600226 361.90256041589
0.894057192095
0.010357269027 4.98974297244e-34 -0.00732238600226 361.90256041589
1.09833193722
0.0106535390124 5.01637743863e-34 -0.00732238600226 361.90256041589
1.20555280351
0.0127047762819 5.01666993722e-34 -0.00732238600226 361.90256041589
1.94790082338
0.0109837411436 4.79289513194e-34 -0.00732238600226 361.90256041589
1.32505380024
0.0137741404605 4.79035412604e-34 -0.00732238600226 361.90256041589
2.33490645762
0.00960283313379 5.0830898489e-34 -0.00732238600226 361.90256041589
0.825299655795
0.0102363718344 5.08308768477e-34 -0.00732238600226 361.90256041589
1.05457893367
0.0105210745024 4.98977501359e-34 -0.00732238600226 361.90256041589
1.15761355816
0.0125711562911 4.98976495915e-34 -0.00732238600226 361.90256041589
1.89954340658
0.011735137962 5.01643646985e-34 -0.00732238600226 361.90256041589
1.59698623271
0.015823801951 5.01656131552e-34 -0.00732238600226 361.90256041589
3.076684199
0.0124656015661 4.7920569917e-34 -0.00732238600226 361.90256041589
1.86134288134
0.0260211653169 4.79380370638e-34 -0.00732238600226 361.90256041589
6.76713611062
0.00936286312923 5.0180022402e-34 -0.00732238600226 361.90256041589
0.738453896721
0.0100614501968 5.01800886602e-34 -0.00732238600226 361.90256041589
0.991274345149
0.00945070495795 4.79515411887e-34 -0.00732238600226 361.90256041589
0.770244079447
0.010268251193 4.79518763621e-34 -0.00732238600226 361.90256041589
1.06611615517
0.0101075034332 5.08293565714e-34 -0.00732238600226 361.90256041589
1.00794112932
0.0103856898343 5.08294135485e-34 -0.00732238600226 361.90256041589
1.10861750014
0.0119834336112 4.98807343903e-34 -0.00732238600226 361.90256041589
1.6868450639
0.0132873517532 4.98801704706e-34 -0.00732238600226 361.90256041589
2.15873637807
0.0112190904742 5.01802954212e-34 -0.00732238600226 361.90256041589
1.41022732557
0.0122066770137 5.01807000654e-34 -0.00732238600226 361.90256041589
1.76763742286
0.0117511969055 4.79542211428e-34 -0.00732238600226 361.90256041589
1.60279800548
0.0132181563519 4.79419677415e-34 -0.00732238600226 361.90256041589
2.13369438516
0.00966766420762 5.08293915492e-34 -0.00732238600226 361.90256041589
0.84876218741
0.0106527426843 5.08295772626e-34 -0.00732238600226 361.90256041589
1.20526461034
0.0106477976573 4.98768783743e-34 -0.00732238600226 361.90256041589
1.2034749924
0.0154258779598 4.9883206162e-34 -0.00732238600226 361.90256041589
2.93267448775
0.00945350967706 5.07042256915e-34 -0.00732238600226 361.90256041589
0.771259114473
0.00980268438342 5.07041121469e-34 -0.00732238600226 361.90256041589
0.89762633474
0.00989932343688 4.92626227151e-34 -0.00732238600226 361.90256041589
0.932600255622
0.0104933524449 4.92614801537e-34 -0.00732238600226 361.90256041589
1.14758087457
0.0102405322613 5.05533933779e-34 -0.00732238600226 361.90256041589
1.0560846028
0.0115708371253 5.05539672161e-34 -0.00732238600226 361.90256041589
1.53752533923
0.01098606153 4.88272647635e-34 -0.00732238600226 361.90256041589
1.32589355404
0.0144583609656 4.88200920948e-34 -0.00732238600226 361.90256041589
2.5825276103
0.00987928904081 5.07042185938e-34 -0.00732238600226 361.90256041589
0.925349756389
0.0108373983012 5.07041711956e-34 -0.00732238600226 361.90256041589
1.27209195086
0.0106303088618 4.92616079591e-34 -0.00732238600226 361.90256041589
1.19714575251
0.0132996083442 4.92581455172e-34 -0.00732238600226 361.90256041589
2.16317206973
0.011110729418 5.05534659968e-34 -0.00732238600226 361.90256041589
1.37101118189
0.012913229451 5.05542251699e-34 -0.00732238600226 361.90256041589
2.02334055897
0.0129392434929 4.88154756745e-34 -0.00732238600226 361.90256041589
2.03275510735
model pot on site = -0.20241624127154884
lattice energy = -0.20241624127154884
--calc_average_potential_difference info--
8.84558912385
6.10736934172 0.0126 0.551212983817 8.84558912385
6.18798929115 -0.0576 0.652119911483 8.84558912385
6.27190355092 -0.0315 0.654791266146 8.84558912385
6.32648873915 -0.0817 1.44588468303 8.84558912385
8.62289174105 -0.0671 0.731970697518 8.84558912385
6.9334360075 -0.0581 0.818776927759 8.84558912385
6.87576630634 -0.000299999999999 0.764434366286 8.84558912385
4.71899036112 0.1168 0.876931080289 8.84558912385
6.23757000081 -0.0424 1.02693320569 8.84558912385
4.66555868886 0.0296 1.21036854427 8.84558912385
6.42417136244 -0.0583 1.77485469019 8.84558912385
4.83906770432 -0.0289 3.03554612508 8.84558912385
6.96678639605 -0.0684 1.16289115708 8.84558912385
6.38659563925 -0.072 2.24442812638 8.84558912385
4.67016779036 0.0477 1.26021691231 8.84558912385
3.60955639097 -0.0638 3.0690788574 8.84558912385
10.6982415379 -0.0832 1.0455305017 8.84558912385
9.41003095206 -0.0755 0.762806900223 8.84558912385
6.22612704036 -0.0085 0.77100304985 8.84558912385
3.47340573265 -0.0158 1.64971447241 8.84558912385
8.54395518064 -0.0496 0.596989359877 8.84558912385
8.52131973997 -0.0589 0.716161412848 8.84558912385
4.72000247972 0.0431 0.681027254967 8.84558912385
4.63158161071 -0.0073 0.846801691514 8.84558912385
9.46969462803 -0.0775 1.04807620067 8.84558912385
8.99314102219 -0.0809 1.69242161938 8.84558912385
3.61011896546 -0.0575 1.30746443128 8.84558912385
2.38214475318 0.166 3.24903660331 8.84558912385
8.65090369266 -0.071 1.2310332968 8.84558912385
7.48324436196 -0.0676 1.56996633435 8.84558912385
4.8967374125 -0.001 1.94015023018 8.84558912385
2.3655017652 0.1641 4.10554250009 8.84558912385
6.85967019833 -0.0548 0.916965166642 8.84558912385
6.23296062333 -0.0271 1.30492954651 8.84558912385
4.78299424329 -0.0046 1.26519579282 8.84558912385
3.7526734325 -0.1087 3.0311596852 8.84558912385
8.75479324176 -0.0762 1.4875944712 8.84558912385
7.62633813366 -0.0836 2.12111375181 8.84558912385
4.8107967762 0.063 1.93580552835 8.84558912385
2.22462011676 0.4834 4.24269257942 8.84558912385
8.53303636309 -0.0487 0.638161632783 8.84558912385
6.80117284711 -0.0477 1.03179918067 8.84558912385
6.94996637074 -0.0078 0.76174315187 8.84558912385
4.69910731364 -0.0141 0.863073310855 8.84558912385
8.63244540758 -0.0797 0.629440998461 8.84558912385
8.64861764934 -0.0811 0.770416643817 8.84558912385
4.71322375882 0.1705 0.687658808168 8.84558912385
4.64605756256 0.0787 0.855396721362 8.84558912385
6.20594997628 -0.0689 0.65958091809 8.84558912385
6.27257888716 -0.0624 0.868406424294 8.84558912385
6.32508687872 -0.1045 1.39738125908 8.84558912385
6.39570117221 -0.0801 1.26245346727 8.84558912385
6.33860128584 -0.0147 2.37200334912 8.84558912385
7.04837486839 -0.0258 2.02589852397 8.84558912385
3.45243941633 0.0123 3.39593985567 8.84558912385
4.72335254668 0.1873 2.54366188823 8.84558912385
10.7669117273 -0.0982 0.909261311312 8.84558912385
9.4963298188 -0.0976 1.16845571046 8.84558912385
6.25366382504 -0.0547 1.0860851795 8.84558912385
3.6247311104 -0.1169 1.56583085787 8.84558912385
8.52593904679 0.0115 1.13215983223 8.84558912385
7.44626978307 0.0048 1.5924444546 8.84558912385
4.76641757108 0.1677 1.67425700556 8.84558912385
2.36771329804 0.205 4.2239127723 8.84558912385
8.52411556024 -0.0462 0.722365180732 8.84558912385
8.58671644495 -0.046 0.998418887583 8.84558912385
4.70346373192 0.0116 1.49707284587 8.84558912385
4.80407765446 0.0168 1.33608791024 8.84558912385
8.98924681641 -0.000900000000001 0.941179521458 8.84558912385
9.49329630043 -0.0039 1.58413606558 8.84558912385
2.31325841764 -0.0936 1.16591147529 8.84558912385
3.64388317846 0.1058 2.86415662305 8.84558912385
8.66887951088 -0.0454 0.994341441052 8.84558912385
7.02550191111 -0.0461 1.34260690958 8.84558912385
6.88073223762 -0.0127 1.06443777669 8.84558912385
4.63742812641 0.0013 1.50174029874 8.84558912385
6.18775367874 0.0956 0.957329514163 8.84558912385
4.63351258585 0.0815 1.2362559236 8.84558912385
6.30323805278 0.0339 1.51663666729 8.84558912385
4.78017404709 0.0274 3.2147506975 8.84558912385
8.68215963142 -0.0536 1.23781011253 8.84558912385
8.73358909329 -0.0509 1.13488790417 8.84558912385
4.65437159624 0.0106 1.49482321429 8.84558912385
4.74173522062 0.0223 1.34047912147 8.84558912385
6.17618369291 0.0764 0.840515992932 8.84558912385
6.89007848383 0.0246 1.25506667203 8.84558912385
3.65501426284 0.0707 3.30553619706 8.84558912385
4.79543296072 0.052 2.54446378241 8.84558912385
8.54944731793 -0.0318 0.814087766086 8.84558912385
6.87591255906 -0.0343 1.00008281705 8.84558912385
6.9602798584 -0.0286 1.06178007249 8.84558912385
4.77631839235 -0.007 1.48440335706 8.84558912385
8.66269087293 -0.0011 1.3273223491 8.84558912385
7.61827124379 -0.0034 2.1777533647 8.84558912385
4.71103110312 0.122 1.69055534384 8.84558912385
2.27113609473 -0.1087 4.29178536079 8.84558912385
7.81270849515 -0.0464 0.647694613035 8.84558912385
7.78841320748 -0.0382 0.818695128217 8.84558912385
5.88161892246 -0.0093 0.773062627958 8.84558912385
5.8459939024 0.0512 1.06608976163 8.84558912385
9.02963562508 0.0122 1.43052888403 8.84558912385
7.92626383834 0.0131 1.70374182593 8.84558912385
5.03737987963 0.1449 1.89732646893 8.84558912385
2.42461654475 0.3651 2.79620464618 8.84558912385
7.37892080379 -0.0503 1.0390344162 8.84558912385
6.64439817647 -0.0447 1.18229530229 8.84558912385
5.29355025989 0.00660000000001 1.58460731867 8.84558912385
4.24245638593 0.00530000000001 2.09535592985 8.84558912385
8.00449200332 0.0178 1.08714130271 8.84558912385
8.00788952779 0.0158 2.04207197412 8.84558912385
2.84648624371 0.1111 1.27651529755 8.84558912385
2.73835333279 0.197 4.28852852219 8.84558912385
9.77575186111 -0.0253 0.84863959326 8.84558912385
8.79115286968 -0.0379 1.01293697587 8.84558912385
6.60286830809 0.0031 0.937207039527 8.84558912385
5.05193952501 -0.0146 1.15327077023 8.84558912385
6.96516227796 0.2839 0.915601315212 8.84558912385
6.36319889731 0.1116 1.21783595295 8.84558912385
5.06913849606 0.0262 1.28195359018 8.84558912385
4.28922563156 0.003 2.33817091382 8.84558912385
8.83637043422 -0.0394 1.04226741116 8.84558912385
7.85656646432 -0.0279 1.57251215184 8.84558912385
5.12274533977 -0.0301 1.19376068885 8.84558912385
3.11079569292 -0.0055 2.15168505818 8.84558912385
7.68239607151 0.0884 1.11869680092 8.84558912385
5.70385572818 0.343 1.44039420001 8.84558912385
6.0507839579 0.0277 1.89620640048 8.84558912385
3.13856424581 0.0323 6.07080349283 8.84558912385
10.1060659983 -0.0476 0.690515458494 8.84558912385
10.1503974386 -0.0406 0.905226739717 8.84558912385
5.03958812584 0.0513 0.773155435948 8.84558912385
5.11790085292 -0.00680000000001 1.08144504931 8.84558912385
8.68945244472 0.0339 1.21615588396 8.84558912385
7.64810799276 0.0455 1.35747857874 8.84558912385
4.99437251701 0.1296 1.91993739393 8.84558912385
2.82805954998 0.0951 2.52621531016 8.84558912385
9.74577012282 -0.0408 1.23039228129 8.84558912385
9.29559163625 -0.0437 1.43481804025 8.84558912385
4.30143800995 0.00949999999999 1.67298469322 8.84558912385
3.10951604369 -0.0108 2.24509180729 8.84558912385
7.65686514453 0.0416 0.950302517074 8.84558912385
7.78046888258 0.0232 1.51865212569 8.84558912385
2.77711260067 0.1786 1.22477969811 8.84558912385
3.14804762491 0.0994 3.810055666 8.84558912385
7.69583130039 -0.0253 0.696573217582 8.84558912385
6.46038697041 -0.0216 0.799093089482 8.84558912385
7.79040281453 -0.0313 0.894057192095 8.84558912385
6.57853419056 -0.0119 1.09833193722 8.84558912385
7.2799336869 0.0349 1.20555280351 8.84558912385
6.59839350535 0.0341 1.94790082338 8.84558912385
5.02959609034 0.0955 1.32505380024 8.84558912385
4.06757581945 0.6655 2.33490645762 8.84558912385
6.65490632925 0.0038 0.825299655795 8.84558912385
5.10765401919 -0.0178 1.05457893367 8.84558912385
6.76936537525 -0.0103 1.15761355816 8.84558912385
5.25967292961 -0.0294 1.89954340658 8.84558912385
7.79105342851 0.0187 1.59698623271 8.84558912385
6.00112961954 0.0377 3.076684199 8.84558912385
5.77306283094 0.3687 1.86134288134 8.84558912385
2.80901653269 0.0953 6.76713611062 8.84558912385
7.92681259394 -0.0454 0.738453896721 8.84558912385
7.93142841735 -0.042 0.991274345149 8.84558912385
5.77062498229 0.00579999999999 0.770244079447 8.84558912385
5.7708758666 0.0454 1.06611615517 8.84558912385
6.62675117304 0.0272 1.00794112932 8.84558912385
5.00293976133 0.0306 1.10861750014 8.84558912385
6.62549153224 0.0925 1.6868450639 8.84558912385
5.00224519985 0.1309 2.15873637807 8.84558912385
7.51092467446 -0.0468 1.41022732557 8.84558912385
6.79022052904 -0.0458 1.76763742286 8.84558912385
5.18234787911 0.0305 1.60279800548 8.84558912385
4.1115037897 -0.0035 2.13369438516 8.84558912385
5.13085573085 0.0462 0.84876218741 8.84558912385
5.11800361499 0.0396 1.20526461034 8.84558912385
5.0996661546 0.0981 1.2034749924 8.84558912385
5.14090365405 0.1142 2.93267448775 8.84558912385
9.65527398147 -0.0106 0.771259114473 8.84558912385
8.66133538578 -0.0246 0.89762633474 8.84558912385
6.66069056188 -0.001 0.932600255622 8.84558912385
5.11239615478 -0.0245 1.14758087457 8.84558912385
9.71024475959 0.00959999999999 1.0560846028 8.84558912385
9.29587352676 0.0189 1.53752533923 8.84558912385
4.14578810689 0.7281 1.32589355404 8.84558912385
2.85146462384 0.1347 2.5825276103 8.84558912385
8.69271151583 -0.026 0.925349756389 8.84558912385
7.69254507785 -0.0206 1.27209195086 8.84558912385
5.15825731896 -0.0264 1.19714575251 8.84558912385
3.1789757493 -0.0395 2.16317206973 8.84558912385
10.2365342567 0.0201 1.37101118189 8.84558912385
8.84313426974 0.0134 2.02334055897 8.84558912385
5.1415158985 0.1426 2.03275510735 8.84558912385
potential difference = -1.1718538370123326
alignment-like term = 2.343707674024665
