warning: structure for ewald must be extracted from correction_file (only axis is needed)
Number of R, G vectors = 13687, 10082
Number of R, G vectors = 11713, 11770
warning: defect index should be automatic implement
0.00884548302891 5.0831142155e-34 -0.00732238600226 361.90256041589
0.551212713709
0.00912430650107 5.08307772611e-34 -0.00732238600226 361.90256041589
0.652119642188
0.00913168792074 4.99069787776e-34 -0.00732238600226 361.90256041589
0.654790996863
0.0113176172405 4.99084806673e-34 -0.00732238600226 361.90256041589
1.44588441457
0.00934494817439 5.01607507302e-34 -0.00732238600226 361.90256041589
0.731970428696
0.00958480895471 5.01635680206e-34 -0.00732238600226 361.90256041589
0.818776659237
0.00943465096311 4.78981343978e-34 -0.00732238600226 361.90256041589
0.764434097607
0.00974549903827 4.78569374388e-34 -0.00732238600226 361.90256041589
0.876930811909
0.0101599811135 5.08311099785e-34 -0.00732238600226 361.90256041589
1.02693293617
0.0106668450017 5.08301446839e-34 -0.00732238600226 361.90256041589
1.21036827511
0.0122266188417 4.99083971057e-34 -0.00732238600226 361.90256041589
1.77485442149
0.0157101295243 4.99134116809e-34 -0.00732238600226 361.90256041589
3.03554585673
0.0105356566859 5.01626856111e-34 -0.00732238600226 361.90256041589
1.16289088773
0.0135241322826 5.01621363729e-34 -0.00732238600226 361.90256041589
2.24442785789
0.0108045847512 4.78865850539e-34 -0.00732238600226 361.90256041589
1.26021664311
0.015802786322 4.79219408777e-34 -0.00732238600226 361.90256041589
3.06907858906
0.0102113686925 5.05657434075e-34 -0.00732238600226 361.90256041589
1.04553023259
0.00943015398985 5.05656530553e-34 -0.00732238600226 361.90256041589
0.762806631474
0.00945280138346 4.88524597047e-34 -0.00732238600226 361.90256041589
0.771002781207
0.0118808345588 4.88583902864e-34 -0.00732238600226 361.90256041589
1.64971420415
0.00897197115435 5.06927342214e-34 -0.00732238600226 361.90256041589
0.596989090165
0.00930126435864 5.06933256463e-34 -0.00732238600226 361.90256041589
0.716161143926
0.00920418254172 4.92518802848e-34 -0.00732238600226 361.90256041589
0.681026985813
0.00966224627339 4.92339556864e-34 -0.00732238600226 361.90256041589
0.846801423138
0.0102184029022 5.05656784886e-34 -0.00732238600226 361.90256041589
1.04807593111
0.0119988418657 5.05664939766e-34 -0.00732238600226 361.90256041589
1.69242135067
0.0109351379005 4.88518838049e-34 -0.00732238600226 361.90256041589
1.30746416213
0.0163000410132 4.88612411911e-34 -0.00732238600226 361.90256041589
3.24903633499
0.0107239453231 5.06938767662e-34 -0.00732238600226 361.90256041589
1.23103302763
0.0116604765196 5.06933238744e-34 -0.00732238600226 361.90256041589
1.56996606556
0.0126833592966 4.92384854644e-34 -0.00732238600226 361.90256041589
1.94014996155
0.0186667164406 4.92832855115e-34 -0.00732238600226 361.90256041589
4.10554223183
0.00985612020879 5.07853638797e-34 -0.00732238600226 361.90256041589
0.916964896758
0.0109281335714 5.07860897228e-34 -0.00732238600226 361.90256041589
1.30492927747
0.0108183422678 4.96014963464e-34 -0.00732238600226 361.90256041589
1.26519552362
0.0156980090246 4.95898163318e-34 -0.00732238600226 361.90256041589
3.03115941685
0.0114328686708 5.03868920541e-34 -0.00732238600226 361.90256041589
1.4875942023
0.0131833931221 5.0387598212e-34 -0.00732238600226 361.90256041589
2.12111348328
0.0126713541264 4.84120504227e-34 -0.00732238600226 361.90256041589
1.93580525972
0.0190456860704 4.83497168844e-34 -0.00732238600226 361.90256041589
4.24269231117
0.00908573733826 5.07858298894e-34 -0.00732238600226 361.90256041589
0.638161363411
0.0101734266539 5.07847070933e-34 -0.00732238600226 361.90256041589
1.03179891168
0.00942721466748 4.9595815427e-34 -0.00732238600226 361.90256041589
0.76174288318
0.00970720760032 4.96012184174e-34 -0.00732238600226 361.90256041589
0.863073042472
0.00906164070187 5.03864673885e-34 -0.00732238600226 361.90256041589
0.629440729005
0.00945118104111 5.03868795843e-34 -0.00732238600226 361.90256041589
0.77041637516
0.00922250668183 4.8389292521e-34 -0.00732238600226 361.90256041589
0.687658539036
0.00968599584244 4.84194676587e-34 -0.00732238600226 361.90256041589
0.855396452987
0.00914492256266 5.0830535504e-34 -0.00732238600226 361.90256041589
0.65958064766
0.00972194392176 5.08307555964e-34 -0.00732238600226 361.90256041589
0.868406154934
0.0111835938064 4.98991932374e-34 -0.00732238600226 361.90256041589
1.39738099063
0.0108107647451 4.98991271564e-34 -0.00732238600226 361.90256041589
1.26245319873
0.0138766449108 5.01680668279e-34 -0.00732238600226 361.90256041589
2.37200308064
0.0129202968129 5.01687600854e-34 -0.00732238600226 361.90256041589
2.02589825534
0.0167059603639 4.79317578496e-34 -0.00732238600226 361.90256041589
3.39593958734
0.0143509674437 4.78952113168e-34 -0.00732238600226 361.90256041589
2.54366161974
0.00983483311235 5.05626884296e-34 -0.00732238600226 361.90256041589
0.909261042051
0.0105510325209 5.05628631842e-34 -0.00732238600226 361.90256041589
1.16845544178
0.010323428353 4.88407469099e-34 -0.00732238600226 361.90256041589
1.08608491065
0.0116490494771 4.88397110147e-34 -0.00732238600226 361.90256041589
1.56583058961
0.0104507406663 5.06957481215e-34 -0.00732238600226 361.90256041589
1.13215956279
0.0117225874929 5.06952160092e-34 -0.00732238600226 361.90256041589
1.5924441858
0.0119486498639 4.92536602746e-34 -0.00732238600226 361.90256041589
1.67425673668
0.0189937941824 4.92756261423e-34 -0.00732238600226 361.90256041589
4.22391250404
0.00931840644995 5.06967092599e-34 -0.00732238600226 361.90256041589
0.722364910664
0.0100811910724 5.06961400825e-34 -0.00732238600226 361.90256041589
0.998418618587
0.0114590590774 4.92355509682e-34 -0.00732238600226 361.90256041589
1.49707257751
0.0110142295755 4.92375676055e-34 -0.00732238600226 361.90256041589
1.33608764179
0.00992302870121 5.05629672653e-34 -0.00732238600226 361.90256041589
0.941179251477
0.0116996299624 5.05633535525e-34 -0.00732238600226 361.90256041589
1.58413579672
0.0105440023524 4.88557600884e-34 -0.00732238600226 361.90256041589
1.16591120581
0.0152365503876 4.8858351448e-34 -0.00732238600226 361.90256041589
2.86415635461
0.0100699243752 5.01653106112e-34 -0.00732238600226 361.90256041589
0.994341172018
0.0110322427095 5.01653984462e-34 -0.00732238600226 361.90256041589
1.34260664113
0.0102636127971 4.79113078287e-34 -0.00732238600226 361.90256041589
1.0644375078
0.0114719560653 4.79142326649e-34 -0.00732238600226 361.90256041589
1.50174003043
0.00996765395298 5.08305224794e-34 -0.00732238600226 361.90256041589
0.957329244354
0.0107383763534 5.08294635605e-34 -0.00732238600226 361.90256041589
1.23625565444
0.0115131173321 4.99014648511e-34 -0.00732238600226 361.90256041589
1.5166363983
0.0162053030655 4.99070695202e-34 -0.00732238600226 361.90256041589
3.21475042915
0.0107426708504 5.03867664504e-34 -0.00732238600226 361.90256041589
1.23780984389
0.0104582788076 5.03860517244e-34 -0.00732238600226 361.90256041589
1.13488763545
0.0114528429524 4.84032108623e-34 -0.00732238600226 361.90256041589
1.49482294594
0.0110263632592 4.83987421558e-34 -0.00732238600226 361.90256041589
1.34047885303
0.00964487778478 5.07852020435e-34 -0.00732238600226 361.90256041589
0.840515722639
0.0107903537376 5.07852321422e-34 -0.00732238600226 361.90256041589
1.25506640285
0.0164561592614 4.95951782172e-34 -0.00732238600226 361.90256041589
3.30553592873
0.0143531832174 4.95999507107e-34 -0.00732238600226 361.90256041589
2.54446351392
0.00957185197888 5.07858225646e-34 -0.00732238600226 361.90256041589
0.814087496507
0.0100857888002 5.07859023879e-34 -0.00732238600226 361.90256041589
1.00008254805
0.010256269096 4.9593566507e-34 -0.00732238600226 361.90256041589
1.0617798036
0.0114240510666 4.95935520141e-34 -0.00732238600226 361.90256041589
1.48440308874
0.0109900087966 5.03857911027e-34 -0.00732238600226 361.90256041589
1.32732207993
0.0133398982676 5.03886010471e-34 -0.00732238600226 361.90256041589
2.17775309616
0.01199368502 4.83787726443e-34 -0.00732238600226 361.90256041589
1.69055507497
0.0191813380019 4.83468843975e-34 -0.00732238600226 361.90256041589
4.29178509253
0.00911207862634 5.07812180804e-34 -0.00732238600226 361.90256041589
0.647694343013
0.00958458292669 5.07812333931e-34 -0.00732238600226 361.90256041589
0.818694859117
0.00945849235565 4.95639760527e-34 -0.00732238600226 361.90256041589
0.773062358613
0.0102681775213 4.95641090068e-34 -0.00732238600226 361.90256041589
1.06608949321
0.011275186484 5.0400897745e-34 -0.00732238600226 361.90256041589
1.43052861517
0.0120301215745 5.04015017419e-34 -0.00732238600226 361.90256041589
1.70374155737
0.012565029763 4.84333903472e-34 -0.00732238600226 361.90256041589
1.89732620037
0.0150487872046 4.84744320029e-34 -0.00732238600226 361.90256041589
2.79620437792
0.010193418873 5.07811830793e-34 -0.00732238600226 361.90256041589
1.03903414696
0.0105892737301 5.07810427565e-34 -0.00732238600226 361.90256041589
1.1822950333
0.0117009321178 4.95639219846e-34 -0.00732238600226 361.90256041589
1.58460705011
0.0131122197606 4.95695299753e-34 -0.00732238600226 361.90256041589
2.09535566153
0.0103263466038 5.04013121889e-34 -0.00732238600226 361.90256041589
1.08714103308
0.0129649868811 5.04015325419e-34 -0.00732238600226 361.90256041589
2.04207170547
0.0108496200366 4.8452481052e-34 -0.00732238600226 361.90256041589
1.27651502822
0.0191723387877 4.84586526014e-34 -0.00732238600226 361.90256041589
4.28852825384
0.00966732471528 5.03708641532e-34 -0.00732238600226 361.90256041589
0.848639324261
0.0101213070879 5.03711619791e-34 -0.00732238600226 361.90256041589
1.0129367073
0.00991205204309 4.83633876442e-34 -0.00732238600226 361.90256041589
0.937206770801
0.0105090738792 4.83596943696e-34 -0.00732238600226 361.90256041589
1.15327050193
0.00985235164919 5.07913389513e-34 -0.00732238600226 361.90256041589
0.91560104539
0.0106874787568 5.07909635624e-34 -0.00732238600226 361.90256041589
1.21783568392
0.0108646469898 4.96101706832e-34 -0.00732238600226 361.90256041589
1.28195332105
0.0137831599818 4.96219447412e-34 -0.00732238600226 361.90256041589
2.33817064548
0.0102023522028 5.03710495395e-34 -0.00732238600226 361.90256041589
1.04226714187
0.0116675110588 5.03711768971e-34 -0.00732238600226 361.90256041589
1.57251188328
0.0106209545961 4.83635316818e-34 -0.00732238600226 361.90256041589
1.19376041983
0.0132678669832 4.83696103827e-34 -0.00732238600226 361.90256041589
2.15168478989
0.0104135399586 5.07914872252e-34 -0.00732238600226 361.90256041589
1.11869653146
0.0113024460753 5.07908529616e-34 -0.00732238600226 361.90256041589
1.44039393103
0.0125619348176 4.96131822489e-34 -0.00732238600226 361.90256041589
1.89620613171
0.024097075901 4.96105019946e-34 -0.00732238600226 361.90256041589
6.07080322455
0.009230400104 5.05634053766e-34 -0.00732238600226 361.90256041589
0.690515188729
0.00982368488743 5.05632093594e-34 -0.00732238600226 361.90256041589
0.905226470908
0.00945874880033 4.88377009471e-34 -0.00732238600226 361.90256041589
0.773155166601
0.0103106068639 4.88379649008e-34 -0.00732238600226 361.90256041589
1.08144478091
0.0106828364325 5.06978398805e-34 -0.00732238600226 361.90256041589
1.21615561487
0.0110733357285 5.06982080161e-34 -0.00732238600226 361.90256041589
1.35747830991
0.0126275076991 4.92388092754e-34 -0.00732238600226 361.90256041589
1.91993712539
0.0143027595011 4.92357775574e-34 -0.00732238600226 361.90256041589
2.52621504189
0.010722174086 5.05632231721e-34 -0.00732238600226 361.90256041589
1.23039201238
0.0112870381724 5.05633072939e-34 -0.00732238600226 361.90256041589
1.43481777155
0.0119451342437 4.88386342376e-34 -0.00732238600226 361.90256041589
1.67298442472
0.0135259661494 4.88360117376e-34 -0.00732238600226 361.90256041589
2.24509153901
0.00994823713202 5.0698185467e-34 -0.00732238600226 361.90256041589
0.950302247131
0.011518686396 5.06978118591e-34 -0.00732238600226 361.90256041589
1.51865185676
0.0107066655368 4.92254868423e-34 -0.00732238600226 361.90256041589
1.2247794287
0.0178502346951 4.92421126804e-34 -0.00732238600226 361.90256041589
3.81005539762
0.00924713875091 5.08308723164e-34 -0.00732238600226 361.90256041589
0.696572947906
0.00953041906882 5.08308157649e-34 -0.00732238600226 361.90256041589
0.799092820272
0.00979282147586 4.98973461698e-34 -0.00732238600226 361.90256041589
0.89405692324
0.0103572682854 4.98974297244e-34 -0.00732238600226 361.90256041589
1.09833166883
0.0106535382685 5.01637743863e-34 -0.00732238600226 361.90256041589
1.20555253429
0.0127047755401 5.01666993722e-34 -0.00732238600226 361.90256041589
1.94790055491
0.0109837404001 4.79289513194e-34 -0.00732238600226 361.90256041589
1.32505353117
0.0137741397191 4.79035412604e-34 -0.00732238600226 361.90256041589
2.3349061893
0.00960283238803 5.0830898489e-34 -0.00732238600226 361.90256041589
0.825299385902
0.0102363710906 5.08308768477e-34 -0.00732238600226 361.90256041589
1.05457866447
0.0105210737589 4.98977501359e-34 -0.00732238600226 361.90256041589
1.15761328909
0.0125711555496 4.98976495915e-34 -0.00732238600226 361.90256041589
1.8995431382
0.0117351372189 5.01643646985e-34 -0.00732238600226 361.90256041589
1.59698596377
0.0158238012093 5.01656131552e-34 -0.00732238600226 361.90256041589
3.07668393058
0.0124656008234 4.7920569917e-34 -0.00732238600226 361.90256041589
1.86134261255
0.0260211645756 4.79380370638e-34 -0.00732238600226 361.90256041589
6.76713584235
0.00936286238456 5.0180022402e-34 -0.00732238600226 361.90256041589
0.738453627225
0.0100614494547 5.01800886602e-34 -0.00732238600226 361.90256041589
0.991274076576
0.00945070421372 4.79515411887e-34 -0.00732238600226 361.90256041589
0.770243810107
0.0102682504513 4.79518763621e-34 -0.00732238600226 361.90256041589
1.06611588675
0.0101075026886 5.08293565714e-34 -0.00732238600226 361.90256041589
1.00794085985
0.0103856890905 5.08294135485e-34 -0.00732238600226 361.90256041589
1.10861723097
0.0119834328689 4.98807343903e-34 -0.00732238600226 361.90256041589
1.68684479524
0.0132873510117 4.98801704706e-34 -0.00732238600226 361.90256041589
2.15873610971
0.0112190897317 5.01802954212e-34 -0.00732238600226 361.90256041589
1.41022705686
0.0122066762719 5.01807000654e-34 -0.00732238600226 361.90256041589
1.76763715439
0.0117511961634 4.79542211428e-34 -0.00732238600226 361.90256041589
1.60279773693
0.0132181556105 4.79419677415e-34 -0.00732238600226 361.90256041589
2.13369411685
0.0096676634609 5.08293915492e-34 -0.00732238600226 361.90256041589
0.848761917167
0.0106527419403 5.08295772626e-34 -0.00732238600226 361.90256041589
1.20526434108
0.0106477969128 4.98768783743e-34 -0.00732238600226 361.90256041589
1.20347472297
0.015425877218 4.9883206162e-34 -0.00732238600226 361.90256041589
2.9326742193
0.00945350893295 5.07042256915e-34 -0.00732238600226 361.90256041589
0.77125884518
0.00980268364052 5.07041121469e-34 -0.00732238600226 361.90256041589
0.897626065881
0.00989932269433 4.92626227151e-34 -0.00732238600226 361.90256041589
0.932599986891
0.0104933517035 4.92614801537e-34 -0.00732238600226 361.90256041589
1.14758060627
0.0102405315166 5.05533933779e-34 -0.00732238600226 361.90256041589
1.05608433332
0.0115708363829 5.05539672161e-34 -0.00732238600226 361.90256041589
1.53752507054
0.0109860607866 4.88272647635e-34 -0.00732238600226 361.90256041589
1.32589328499
0.0144583602243 4.88200920948e-34 -0.00732238600226 361.90256041589
2.58252734201
0.00987928829592 5.07042185938e-34 -0.00732238600226 361.90256041589
0.925349486811
0.0108373975583 5.07041711956e-34 -0.00732238600226 361.90256041589
1.27209168202
0.0106303081184 4.92616079591e-34 -0.00732238600226 361.90256041589
1.19714548349
0.0132996076029 4.92581455172e-34 -0.00732238600226 361.90256041589
2.16317180144
0.0111107286744 5.05534659968e-34 -0.00732238600226 361.90256041589
1.37101091277
0.0129132287087 5.05542251699e-34 -0.00732238600226 361.90256041589
2.02334029034
0.0129392427504 4.88154756745e-34 -0.00732238600226 361.90256041589
2.03275483863
model pot on site = -0.20241650950007753
lattice energy = -0.20241650950007753
--calc_average_potential_difference info--
8.84558912385
6.10736934172 0.0126 0.551212713709 8.84558912385
6.18798929115 -0.0576 0.652119642188 8.84558912385
6.27190355092 -0.0315 0.654790996863 8.84558912385
6.32648873915 -0.0817 1.44588441457 8.84558912385
8.62289174105 -0.0671 0.731970428696 8.84558912385
6.9334360075 -0.0581 0.818776659237 8.84558912385
6.87576630634 -0.000299999999999 0.764434097607 8.84558912385
4.71899036112 0.1168 0.876930811909 8.84558912385
6.23757000081 -0.0424 1.02693293617 8.84558912385
4.66555868886 0.0296 1.21036827511 8.84558912385
6.42417136244 -0.0583 1.77485442149 8.84558912385
4.83906770432 -0.0289 3.03554585673 8.84558912385
6.96678639605 -0.0684 1.16289088773 8.84558912385
6.38659563925 -0.072 2.24442785789 8.84558912385
4.67016779036 0.0477 1.26021664311 8.84558912385
3.60955639097 -0.0638 3.06907858906 8.84558912385
10.6982415379 -0.0832 1.04553023259 8.84558912385
9.41003095206 -0.0755 0.762806631474 8.84558912385
6.22612704036 -0.0085 0.771002781207 8.84558912385
3.47340573265 -0.0158 1.64971420415 8.84558912385
8.54395518064 -0.0496 0.596989090165 8.84558912385
8.52131973997 -0.0589 0.716161143926 8.84558912385
4.72000247972 0.0431 0.681026985813 8.84558912385
4.63158161071 -0.0073 0.846801423138 8.84558912385
9.46969462803 -0.0775 1.04807593111 8.84558912385
8.99314102219 -0.0809 1.69242135067 8.84558912385
3.61011896546 -0.0575 1.30746416213 8.84558912385
2.38214475318 0.166 3.24903633499 8.84558912385
8.65090369266 -0.071 1.23103302763 8.84558912385
7.48324436196 -0.0676 1.56996606556 8.84558912385
4.8967374125 -0.001 1.94014996155 8.84558912385
2.3655017652 0.1641 4.10554223183 8.84558912385
6.85967019833 -0.0548 0.916964896758 8.84558912385
6.23296062333 -0.0271 1.30492927747 8.84558912385
4.78299424329 -0.0046 1.26519552362 8.84558912385
3.7526734325 -0.1087 3.03115941685 8.84558912385
8.75479324176 -0.0762 1.4875942023 8.84558912385
7.62633813366 -0.0836 2.12111348328 8.84558912385
4.8107967762 0.063 1.93580525972 8.84558912385
2.22462011676 0.4834 4.24269231117 8.84558912385
8.53303636309 -0.0487 0.638161363411 8.84558912385
6.80117284711 -0.0477 1.03179891168 8.84558912385
6.94996637074 -0.0078 0.76174288318 8.84558912385
4.69910731364 -0.0141 0.863073042472 8.84558912385
8.63244540758 -0.0797 0.629440729005 8.84558912385
8.64861764934 -0.0811 0.77041637516 8.84558912385
4.71322375882 0.1705 0.687658539036 8.84558912385
4.64605756256 0.0787 0.855396452987 8.84558912385
6.20594997628 -0.0689 0.65958064766 8.84558912385
6.27257888716 -0.0624 0.868406154934 8.84558912385
6.32508687872 -0.1045 1.39738099063 8.84558912385
6.39570117221 -0.0801 1.26245319873 8.84558912385
6.33860128584 -0.0147 2.37200308064 8.84558912385
7.04837486839 -0.0258 2.02589825534 8.84558912385
3.45243941633 0.0123 3.39593958734 8.84558912385
4.72335254668 0.1873 2.54366161974 8.84558912385
10.7669117273 -0.0982 0.909261042051 8.84558912385
9.4963298188 -0.0976 1.16845544178 8.84558912385
6.25366382504 -0.0547 1.08608491065 8.84558912385
3.6247311104 -0.1169 1.56583058961 8.84558912385
8.52593904679 0.0115 1.13215956279 8.84558912385
7.44626978307 0.0048 1.5924441858 8.84558912385
4.76641757108 0.1677 1.67425673668 8.84558912385
2.36771329804 0.205 4.22391250404 8.84558912385
8.52411556024 -0.0462 0.722364910664 8.84558912385
8.58671644495 -0.046 0.998418618587 8.84558912385
4.70346373192 0.0116 1.49707257751 8.84558912385
4.80407765446 0.0168 1.33608764179 8.84558912385
8.98924681641 -0.000900000000001 0.941179251477 8.84558912385
9.49329630043 -0.0039 1.58413579672 8.84558912385
2.31325841764 -0.0936 1.16591120581 8.84558912385
3.64388317846 0.1058 2.86415635461 8.84558912385
8.66887951088 -0.0454 0.994341172018 8.84558912385
7.02550191111 -0.0461 1.34260664113 8.84558912385
6.88073223762 -0.0127 1.0644375078 8.84558912385
4.63742812641 0.0013 1.50174003043 8.84558912385
6.18775367874 0.0956 0.957329244354 8.84558912385
4.63351258585 0.0815 1.23625565444 8.84558912385
6.30323805278 0.0339 1.5166363983 8.84558912385
4.78017404709 0.0274 3.21475042915 8.84558912385
8.68215963142 -0.0536 1.23780984389 8.84558912385
8.73358909329 -0.0509 1.13488763545 8.84558912385
4.65437159624 0.0106 1.49482294594 8.84558912385
4.74173522062 0.0223 1.34047885303 8.84558912385
6.17618369291 0.0764 0.840515722639 8.84558912385
6.89007848383 0.0246 1.25506640285 8.84558912385
3.65501426284 0.0707 3.30553592873 8.84558912385
4.79543296072 0.052 2.54446351392 8.84558912385
8.54944731793 -0.0318 0.814087496507 8.84558912385
6.87591255906 -0.0343 1.00008254805 8.84558912385
6.9602798584 -0.0286 1.0617798036 8.84558912385
4.77631839235 -0.007 1.48440308874 8.84558912385
8.66269087293 -0.0011 1.32732207993 8.84558912385
7.61827124379 -0.0034 2.17775309616 8.84558912385
4.71103110312 0.122 1.69055507497 8.84558912385
2.27113609473 -0.1087 4.29178509253 8.84558912385
7.81270849515 -0.0464 0.647694343013 8.84558912385
7.78841320748 -0.0382 0.818694859117 8.84558912385
5.88161892246 -0.0093 0.773062358613 8.84558912385
5.8459939024 0.0512 1.06608949321 8.84558912385
9.02963562508 0.0122 1.43052861517 8.84558912385
7.92626383834 0.0131 1.70374155737 8.84558912385
5.03737987963 0.1449 1.89732620037 8.84558912385
2.42461654475 0.3651 2.79620437792 8.84558912385
7.37892080379 -0.0503 1.03903414696 8.84558912385
6.64439817647 -0.0447 1.1822950333 8.84558912385
5.29355025989 0.00660000000001 1.58460705011 8.84558912385
4.24245638593 0.00530000000001 2.09535566153 8.84558912385
8.00449200332 0.0178 1.08714103308 8.84558912385
8.00788952779 0.0158 2.04207170547 8.84558912385
2.84648624371 0.1111 1.27651502822 8.84558912385
2.73835333279 0.197 4.28852825384 8.84558912385
9.77575186111 -0.0253 0.848639324261 8.84558912385
8.79115286968 -0.0379 1.0129367073 8.84558912385
6.60286830809 0.0031 0.937206770801 8.84558912385
5.05193952501 -0.0146 1.15327050193 8.84558912385
6.96516227796 0.2839 0.91560104539 8.84558912385
6.36319889731 0.1116 1.21783568392 8.84558912385
5.06913849606 0.0262 1.28195332105 8.84558912385
4.28922563156 0.003 2.33817064548 8.84558912385
8.83637043422 -0.0394 1.04226714187 8.84558912385
7.85656646432 -0.0279 1.57251188328 8.84558912385
5.12274533977 -0.0301 1.19376041983 8.84558912385
3.11079569292 -0.0055 2.15168478989 8.84558912385
7.68239607151 0.0884 1.11869653146 8.84558912385
5.70385572818 0.343 1.44039393103 8.84558912385
6.0507839579 0.0277 1.89620613171 8.84558912385
3.13856424581 0.0323 6.07080322455 8.84558912385
10.1060659983 -0.0476 0.690515188729 8.84558912385
10.1503974386 -0.0406 0.905226470908 8.84558912385
5.03958812584 0.0513 0.773155166601 8.84558912385
5.11790085292 -0.00680000000001 1.08144478091 8.84558912385
8.68945244472 0.0339 1.21615561487 8.84558912385
7.64810799276 0.0455 1.35747830991 8.84558912385
4.99437251701 0.1296 1.91993712539 8.84558912385
2.82805954998 0.0951 2.52621504189 8.84558912385
9.74577012282 -0.0408 1.23039201238 8.84558912385
9.29559163625 -0.0437 1.43481777155 8.84558912385
4.30143800995 0.00949999999999 1.67298442472 8.84558912385
3.10951604369 -0.0108 2.24509153901 8.84558912385
7.65686514453 0.0416 0.950302247131 8.84558912385
7.78046888258 0.0232 1.51865185676 8.84558912385
2.77711260067 0.1786 1.2247794287 8.84558912385
3.14804762491 0.0994 3.81005539762 8.84558912385
7.69583130039 -0.0253 0.696572947906 8.84558912385
6.46038697041 -0.0216 0.799092820272 8.84558912385
7.79040281453 -0.0313 0.89405692324 8.84558912385
6.57853419056 -0.0119 1.09833166883 8.84558912385
7.2799336869 0.0349 1.20555253429 8.84558912385
6.59839350535 0.0341 1.94790055491 8.84558912385
5.02959609034 0.0955 1.32505353117 8.84558912385
4.06757581945 0.6655 2.3349061893 8.84558912385
6.65490632925 0.0038 0.825299385902 8.84558912385
5.10765401919 -0.0178 1.05457866447 8.84558912385
6.76936537525 -0.0103 1.15761328909 8.84558912385
5.25967292961 -0.0294 1.8995431382 8.84558912385
7.79105342851 0.0187 1.59698596377 8.84558912385
6.00112961954 0.0377 3.07668393058 8.84558912385
5.77306283094 0.3687 1.86134261255 8.84558912385
2.80901653269 0.0953 6.76713584235 8.84558912385
7.92681259394 -0.0454 0.738453627225 8.84558912385
7.93142841735 -0.042 0.991274076576 8.84558912385
5.77062498229 0.00579999999999 0.770243810107 8.84558912385
5.7708758666 0.0454 1.06611588675 8.84558912385
6.62675117304 0.0272 1.00794085985 8.84558912385
5.00293976133 0.0306 1.10861723097 8.84558912385
6.62549153224 0.0925 1.68684479524 8.84558912385
5.00224519985 0.1309 2.15873610971 8.84558912385
7.51092467446 -0.0468 1.41022705686 8.84558912385
6.79022052904 -0.0458 1.76763715439 8.84558912385
5.18234787911 0.0305 1.60279773693 8.84558912385
4.1115037897 -0.0035 2.13369411685 8.84558912385
5.13085573085 0.0462 0.848761917167 8.84558912385
5.11800361499 0.0396 1.20526434108 8.84558912385
5.0996661546 0.0981 1.20347472297 8.84558912385
5.14090365405 0.1142 2.9326742193 8.84558912385
9.65527398147 -0.0106 0.77125884518 8.84558912385
8.66133538578 -0.0246 0.897626065881 8.84558912385
6.66069056188 -0.001 0.932599986891 8.84558912385
5.11239615478 -0.0245 1.14758060627 8.84558912385
9.71024475959 0.00959999999999 1.05608433332 8.84558912385
9.29587352676 0.0189 1.53752507054 8.84558912385
4.14578810689 0.7281 1.32589328499 8.84558912385
2.85146462384 0.1347 2.58252734201 8.84558912385
8.69271151583 -0.026 0.925349486811 8.84558912385
7.69254507785 -0.0206 1.27209168202 8.84558912385
5.15825731896 -0.0264 1.19714548349 8.84558912385
3.1789757493 -0.0395 2.16317180144 8.84558912385
10.2365342567 0.0201 1.37101091277 8.84558912385
8.84313426974 0.0134 2.02334029034 8.84558912385
5.1415158985 0.1426 2.03275483863 8.84558912385
potential difference = -1.171853567926992
alignment-like term = 2.343707135853984
