    Li     1   0.119942   0.041248   0.002632      6.10228	   0.0128	-0.0415551209492
    Li     2   0.619454   0.042605   0.002031      6.22151	  -0.0574	-0.0410422997468
    Li     3   0.121050   0.539287   0.000080      6.26640	  -0.0313	-0.0440374260227
    Li     4   0.621102   0.538850   0.999806      6.35890	  -0.0815	-0.0433728498091
    Li     5   0.379041   0.459632   0.000700      8.59426	  -0.0669	-0.0603314738673
    Li     6   0.879235   0.458671   0.000870      6.95869	  -0.0579	-0.0573998159107
    Li     7   0.380116   0.962007   0.002498      6.85201	  -0.0001	-0.02925546631
    Li     8   0.879013   0.968794   0.012665      4.75866	   0.1170	-0.0232803415145
    Li     9   0.381042   0.041369   0.498463      6.18747	  -0.0422	-0.0016201940102
    Li    10   0.882985   0.044861   0.494410      4.67214	   0.0298	0.0224684736043
    Li    11   0.378816   0.538874   0.499705      6.37504	  -0.0581	-0.00699929257212
    Li    12   0.878145   0.537412   0.499521      4.84499	  -0.0287	0.0162249274708
    Li    13   0.120176   0.458972   0.498025      6.95662	  -0.0682	-0.0314699341773
    Li    14   0.619757   0.459159   0.498193      6.37782	  -0.0718	-0.0269989398822
    Li    15   0.122479   0.963914   0.493282      4.65530	   0.0479	0.0438377673018
    Li    16   0.622303   0.958064   0.500752      3.59435	  -0.0636	0.0821712350006
    Li    17   0.370272   0.290780   0.999894     10.65778	  -0.0830	-0.0732889455133
    Li    18   0.870487   0.290828   0.000792      9.42910	  -0.0753	-0.0719546301154
    Li    19   0.375245   0.789246   0.001163      6.15487	  -0.0083	-0.012264487275
    Li    20   0.870837   0.788058   0.997829      3.52382	  -0.0156	0.005204579939
    Li    21   0.128918   0.211875   0.003167      8.53907	  -0.0494	-0.0690749508488
    Li    22   0.628734   0.211439   0.001374      8.54587	  -0.0587	-0.0685452119484
    Li    23   0.134280   0.704878   0.006385      4.71029	   0.0433	-0.0139107451529
    Li    24   0.629087   0.708875   0.003636      4.67722	  -0.0071	-0.0102759413704
    Li    25   0.129418   0.290815   0.499228      9.46136	  -0.0773	-0.0559920188879
    Li    26   0.628816   0.290376   0.499089      8.98759	  -0.0807	-0.0544911094896
    Li    27   0.124505   0.789361   0.499456      3.58925	  -0.0573	0.110037801431
    Li    28   0.608722   0.787486   0.490003      2.35588	   0.1662	0.175638899042
    Li    29   0.370382   0.211032   0.497249      8.61307	  -0.0708	-0.0504797375087
    Li    30   0.870749   0.211440   0.497529      7.48724	  -0.0674	-0.0458598277278
    Li    31   0.367061   0.707867   0.498518      4.82858	  -0.0008	0.0602266243222
    Li    32   0.875366   0.697823   0.490821      2.37935	   0.1643	0.175855851615
    Li    33   0.126200   0.126420   0.500382      6.84842	  -0.0548	-0.0286748796754
    Li    34   0.620425   0.125521   0.495653      6.22414	  -0.0271	-0.023878451606
    Li    35   0.126119   0.621925   0.495216      4.76760	  -0.0046	0.0394171564565
    Li    36   0.625427   0.624871   0.500354      3.73866	  -0.1087	0.0728481177753
    Li    37   0.374167   0.374790   0.498238      8.71804	  -0.0762	-0.0515652694558
    Li    38   0.874561   0.374495   0.498760      7.63017	  -0.0836	-0.0472476678443
    Li    39   0.369569   0.873093   0.491590      4.74219	   0.0630	0.0619254856788
    Li    40   0.883993   0.884337   0.494440      2.23836	   0.4834	0.195297089036
    Li    41   0.377156   0.125844   0.001710      8.48077	  -0.0487	-0.0590993460121
    Li    42   0.875437   0.127228   0.999317      6.82696	  -0.0477	-0.0557768244265
    Li    43   0.375735   0.623360   0.002423      6.88617	  -0.0078	-0.0308267336451
    Li    44   0.875131   0.621995   0.004649      4.73756	  -0.0141	-0.0221431517651
    Li    45   0.124765   0.374967   0.000503      8.62796	  -0.0797	-0.0695031966138
    Li    46   0.624845   0.374795   0.000336      8.67254	  -0.0811	-0.0691924609374
    Li    47   0.141165   0.877214   0.009785      4.70222	   0.1705	-0.0135230219167
    Li    48   0.621945   0.871745   0.009351      4.69275	   0.0787	-0.0104355013256
    Li    49   0.000386   0.043481   0.251255      6.24299	  -0.0688	-0.0428913947711
    Li    50   0.500202   0.042685   0.250810      6.26582	  -0.0623	-0.0440875674656
    Li    51   0.999727   0.541548   0.249914      6.36173	  -0.1044	-0.044903245258
    Li    52   0.500002   0.541567   0.250705      6.38904	  -0.0800	-0.0460359611407
    Li    53   0.999309   0.457132   0.749817      6.33121	  -0.0146	-0.0248241227957
    Li    54   0.498913   0.456894   0.749662      7.03425	  -0.0257	-0.0305977760636
    Li    55   0.998483   0.956433   0.748521      3.43894	   0.0124	0.0987950660463
    Li    56   0.496143   0.962490   0.751923      4.70205	   0.1874	0.0487331615369
    Li    57   0.249799   0.292416   0.249944     10.77535	  -0.0981	-0.074212210738
    Li    58   0.749895   0.292323   0.249592      9.51615	  -0.0975	-0.0729737436933
    Li    59   0.250228   0.791587   0.250746      6.26792	  -0.0546	-0.0154731217095
    Li    60   0.750811   0.791794   0.253560      3.67533	  -0.1168	-0.000871759554496
    Li    61   0.250280   0.209643   0.749540      8.49059	   0.0116	-0.048749415182
    Li    62   0.748948   0.210039   0.749862      7.44895	   0.0049	-0.0441023140667
    Li    63   0.257332   0.704480   0.749499      4.70080	   0.1678	0.0673685385453
    Li    64   0.746484   0.699550   0.769861      2.37973	   0.2051	0.183339279345
