   0.0128
  -0.0574
  -0.0313
  -0.0815
  -0.0669
  -0.0579
  -0.0001
   0.1170
  -0.0422
   0.0298
  -0.0581
  -0.0287
  -0.0682
  -0.0718
   0.0479
  -0.0636
  -0.0830
  -0.0753
  -0.0083
  -0.0156
  -0.0494
  -0.0587
   0.0433
  -0.0071
  -0.0773
  -0.0807
  -0.0573
   0.1662
  -0.0708
  -0.0674
  -0.0008
   0.1643
  -0.0548
  -0.0271
  -0.0046
  -0.1087
  -0.0762
  -0.0836
   0.0630
   0.4834
  -0.0487
  -0.0477
  -0.0078
  -0.0141
  -0.0797
  -0.0811
   0.1705
   0.0787
  -0.0688
  -0.0623
  -0.1044
  -0.0800
  -0.0146
  -0.0257
   0.0124
   0.1874
  -0.0981
  -0.0975
  -0.0546
  -0.1168
   0.0116
   0.0049
   0.1678
   0.2051
  -0.0464
  -0.0462
   0.0114
   0.0166
  -0.0011
  -0.0041
  -0.0938
   0.1056
  -0.0456
  -0.0463
  -0.0129
   0.0011
   0.0954
   0.0813
   0.0337
   0.0272
  -0.0539
  -0.0512
   0.0103
   0.0220
   0.0761
   0.0243
   0.0704
   0.0517
  -0.0321
  -0.0346
  -0.0289
  -0.0073
  -0.0013
  -0.0036
   0.1218
  -0.1089
  -0.0461
  -0.0379
  -0.0090
   0.0515
   0.0125
   0.0134
   0.1452
   0.3654
  -0.0500
  -0.0444
   0.0069
   0.0056
   0.0181
   0.0161
   0.1114
   0.1973
  -0.0250
  -0.0376
   0.0034
  -0.0143
   0.2842
   0.1119
   0.0265
   0.0033
  -0.0391
  -0.0276
  -0.0298
  -0.0052
   0.0887
   0.3433
   0.0280
   0.0326
  -0.0474
  -0.0404
   0.0515
  -0.0066
   0.0341
   0.0457
   0.1298
   0.0953
  -0.0406
  -0.0435
   0.0097
  -0.0106
   0.0418
   0.0234
   0.1788
   0.0996
  -0.0251
  -0.0214
  -0.0311
  -0.0117
   0.0351
   0.0343
   0.0957
   0.6657
   0.0040
  -0.0176
  -0.0101
  -0.0292
   0.0189
   0.0379
   0.3689
   0.0955
  -0.0453
  -0.0419
   0.0059
   0.0455
   0.0273
   0.0307
   0.0926
   0.1310
  -0.0467
  -0.0457
   0.0306
  -0.0034
   0.0463
   0.0397
   0.0982
   0.1143
  -0.0105
  -0.0245
  -0.0009
  -0.0244
   0.0097
   0.0190
   0.7282
   0.1348
  -0.0259
  -0.0205
  -0.0263
  -0.0394
   0.0202
   0.0135
   0.1427
