    Li     1   0.119942   0.041248   0.002632      6.10228	   0.0128	-0.0415551209492
    Li     2   0.619454   0.042605   0.002031      6.22151	  -0.0574	-0.0410422997468
    Li     3   0.121050   0.539287   0.000080      6.26640	  -0.0313	-0.0440374260227
    Li     4   0.621102   0.538850   0.999806      6.35890	  -0.0815	-0.0433728498091
    Li     5   0.379041   0.459632   0.000700      8.59426	  -0.0669	-0.0603314738673
    Li     6   0.879235   0.458671   0.000870      6.95869	  -0.0579	-0.0573998159107
    Li     7   0.380116   0.962007   0.002498      6.85201	  -0.0001	-0.02925546631
    Li     8   0.879013   0.968794   0.012665      4.75866	   0.1170	-0.0232803415145
    Li     9   0.381042   0.041369   0.498463      6.18747	  -0.0422	-0.0016201940102
    Li    10   0.882985   0.044861   0.494410      4.67214	   0.0298	0.0224684736043
    Li    11   0.378816   0.538874   0.499705      6.37504	  -0.0581	-0.00699929257212
    Li    12   0.878145   0.537412   0.499521      4.84499	  -0.0287	0.0162249274708
    Li    13   0.120176   0.458972   0.498025      6.95662	  -0.0682	-0.0314699341773
    Li    14   0.619757   0.459159   0.498193      6.37782	  -0.0718	-0.0269989398822
    Li    15   0.122479   0.963914   0.493282      4.65530	   0.0479	0.0438377673018
    Li    16   0.622303   0.958064   0.500752      3.59435	  -0.0636	0.0821712350006
    Li    17   0.370272   0.290780   0.999894     10.65778	  -0.0830	-0.0732889455133
    Li    18   0.870487   0.290828   0.000792      9.42910	  -0.0753	-0.0719546301154
    Li    19   0.375245   0.789246   0.001163      6.15487	  -0.0083	-0.012264487275
    Li    20   0.870837   0.788058   0.997829      3.52382	  -0.0156	0.005204579939
    Li    21   0.128918   0.211875   0.003167      8.53907	  -0.0494	-0.0690749508488
    Li    22   0.628734   0.211439   0.001374      8.54587	  -0.0587	-0.0685452119484
    Li    23   0.134280   0.704878   0.006385      4.71029	   0.0433	-0.0139107451529
    Li    24   0.629087   0.708875   0.003636      4.67722	  -0.0071	-0.0102759413704
    Li    25   0.129418   0.290815   0.499228      9.46136	  -0.0773	-0.0559920188879
    Li    26   0.628816   0.290376   0.499089      8.98759	  -0.0807	-0.0544911094896
    Li    27   0.124505   0.789361   0.499456      3.58925	  -0.0573	0.110037801431
    Li    28   0.608722   0.787486   0.490003      2.35588	   0.1662	0.175638899042
    Li    29   0.370382   0.211032   0.497249      8.61307	  -0.0708	-0.0504797375087
    Li    30   0.870749   0.211440   0.497529      7.48724	  -0.0674	-0.0458598277278
    Li    31   0.367061   0.707867   0.498518      4.82858	  -0.0008	0.0602266243222
    Li    32   0.875366   0.697823   0.490821      2.37935	   0.1643	0.175855851615
    Li    33   0.126200   0.126420   0.500382      6.84842	  -0.0548	-0.0286748796754
    Li    34   0.620425   0.125521   0.495653      6.22414	  -0.0271	-0.023878451606
    Li    35   0.126119   0.621925   0.495216      4.76760	  -0.0046	0.0394171564565
    Li    36   0.625427   0.624871   0.500354      3.73866	  -0.1087	0.0728481177753
    Li    37   0.374167   0.374790   0.498238      8.71804	  -0.0762	-0.0515652694558
    Li    38   0.874561   0.374495   0.498760      7.63017	  -0.0836	-0.0472476678443
    Li    39   0.369569   0.873093   0.491590      4.74219	   0.0630	0.0619254856788
    Li    40   0.883993   0.884337   0.494440      2.23836	   0.4834	0.195297089036
    Li    41   0.377156   0.125844   0.001710      8.48077	  -0.0487	-0.0590993460121
    Li    42   0.875437   0.127228   0.999317      6.82696	  -0.0477	-0.0557768244265
    Li    43   0.375735   0.623360   0.002423      6.88617	  -0.0078	-0.0308267336451
    Li    44   0.875131   0.621995   0.004649      4.73756	  -0.0141	-0.0221431517651
    Li    45   0.124765   0.374967   0.000503      8.62796	  -0.0797	-0.0695031966138
    Li    46   0.624845   0.374795   0.000336      8.67254	  -0.0811	-0.0691924609374
    Li    47   0.141165   0.877214   0.009785      4.70222	   0.1705	-0.0135230219167
    Li    48   0.621945   0.871745   0.009351      4.69275	   0.0787	-0.0104355013256
    Li    49   0.000386   0.043481   0.251255      6.24299	  -0.0688	-0.0428913947711
    Li    50   0.500202   0.042685   0.250810      6.26582	  -0.0623	-0.0440875674656
    Li    51   0.999727   0.541548   0.249914      6.36173	  -0.1044	-0.044903245258
    Li    52   0.500002   0.541567   0.250705      6.38904	  -0.0800	-0.0460359611407
    Li    53   0.999309   0.457132   0.749817      6.33121	  -0.0146	-0.0248241227957
    Li    54   0.498913   0.456894   0.749662      7.03425	  -0.0257	-0.0305977760636
    Li    55   0.998483   0.956433   0.748521      3.43894	   0.0124	0.0987950660463
    Li    56   0.496143   0.962490   0.751923      4.70205	   0.1874	0.0487331615369
    Li    57   0.249799   0.292416   0.249944     10.77535	  -0.0981	-0.074212210738
    Li    58   0.749895   0.292323   0.249592      9.51615	  -0.0975	-0.0729737436933
    Li    59   0.250228   0.791587   0.250746      6.26792	  -0.0546	-0.0154731217095
    Li    60   0.750811   0.791794   0.253560      3.67533	  -0.1168	-0.000871759554496
    Li    61   0.250280   0.209643   0.749540      8.49059	   0.0116	-0.048749415182
    Li    62   0.748948   0.210039   0.749862      7.44895	   0.0049	-0.0441023140667
    Li    63   0.257332   0.704480   0.749499      4.70080	   0.1678	0.0673685385453
    Li    64   0.746484   0.699550   0.769861      2.37973	   0.2051	0.183339279345
    Ti    65   0.000226   0.208926   0.250398      8.55125	  -0.0464	-0.0692819130499
    Ti    66   0.500191   0.209351   0.249740      8.58188	  -0.0462	-0.0698223085504
    Ti    67   0.999879   0.708520   0.248812      4.75292	   0.0114	-0.0138368798867
    Ti    68   0.499252   0.708071   0.249350      4.79525	   0.0166	-0.0164528620544
    Ti    69   0.000231   0.292267   0.749879      8.98397	  -0.0011	-0.0532858952027
    Ti    70   0.499056   0.292061   0.748805      9.48277	  -0.0041	-0.0549441350756
    Ti    71   0.026581   0.788585   0.767574      2.28629	  -0.0938	0.192240267992
    Ti    72   0.501380   0.788065   0.748507      3.61686	   0.1056	0.11741158122
    Ti    73   0.249708   0.458075   0.249074      8.67952	  -0.0456	-0.0619435024016
    Ti    74   0.749772   0.458045   0.249818      7.05223	  -0.0463	-0.0591449057619
    Ti    75   0.250096   0.959827   0.251144      6.89362	  -0.0129	-0.0310552769235
    Ti    76   0.749777   0.959342   0.251681      4.67739	   0.0011	-0.0219880464527
    Ti    77   0.248538   0.043527   0.751720      6.13933	   0.0954	0.000639506154227
    Ti    78   0.751000   0.047169   0.744039      4.63737	   0.0813	0.0290000649863
    Ti    79   0.247844   0.540889   0.749330      6.25588	   0.0337	-0.00301213492705
    Ti    80   0.748627   0.539261   0.749137      4.78428	   0.0272	0.0219145568846
    Ti    81   0.999834   0.374843   0.249799      8.70890	  -0.0539	-0.0702119481392
    Ti    82   0.499785   0.375141   0.249465      8.72880	  -0.0512	-0.0706509725792
    Ti    83   0.999715   0.874696   0.247348      4.70476	   0.0103	-0.0128595306082
    Ti    84   0.499510   0.875505   0.249844      4.73277	   0.0220	-0.0151026903007
    Ti    85   0.002208   0.126619   0.751832      6.16836	   0.0761	-0.0211904580178
    Ti    86   0.498543   0.126582   0.749366      6.87555	   0.0243	-0.0272132906863
    Ti    87   0.996909   0.623520   0.749887      3.64261	   0.0704	0.0839334593748
    Ti    88   0.499346   0.622316   0.749806      4.77474	   0.0517	0.0447231646481
    Ti    89   0.250372   0.125853   0.249112      8.56016	  -0.0321	-0.0604458775592
    Ti    90   0.749674   0.125754   0.248812      6.90337	  -0.0346	-0.057508240922
    Ti    91   0.250250   0.623927   0.251159      6.97300	  -0.0289	-0.0328266690432
    Ti    92   0.749440   0.623930   0.249202      4.81565	  -0.0073	-0.0248698670589
    Ti    93   0.249705   0.375249   0.749626      8.62799	  -0.0013	-0.0501268034298
    Ti    94   0.749526   0.374076   0.749594      7.62089	  -0.0036	-0.0459448384794
    Ti    95   0.258289   0.879113   0.743568      4.64441	   0.1218	0.072655159678
    Ti    96   0.738952   0.884844   0.768299      2.28298	  -0.1089	0.196363570556
     O    97   0.069865   0.131436   0.136008      7.83436	  -0.0461	-0.0648402922463
     O    98   0.569786   0.131418   0.135405      7.80966	  -0.0379	-0.0648230932253
     O    99   0.069876   0.631340   0.135518      5.91024	  -0.0090	-0.0382552945783
     O   100   0.569592   0.631307   0.136523      5.87399	   0.0515	-0.0382103104429
     O   101   0.429414   0.368899   0.863155      9.02211	   0.0125	-0.0597310700971
     O   102   0.929742   0.368643   0.863617      7.93103	   0.0134	-0.0570154335968
     O   103   0.432122   0.869211   0.860053      5.02376	   0.1452	0.0311135430709
     O   104   0.921227   0.861698   0.845419      2.43774	   0.3654	0.108028659443
     O   105   0.430199   0.131478   0.363697      7.35035	  -0.0500	-0.0486098608208
     O   106   0.930002   0.131644   0.364118      6.66191	  -0.0444	-0.0447791816305
     O   107   0.430097   0.631354   0.364255      5.25357	   0.0069	-0.00372706238551
     O   108   0.931114   0.629955   0.361973      4.27026	   0.0056	0.0104267181103
     O   109   0.069211   0.368723   0.635816      7.99282	   0.0181	-0.0449318794868
     O   110   0.569421   0.368630   0.635591      7.99634	   0.0161	-0.0449526640858
     O   111   0.069263   0.865724   0.639801      2.81320	   0.1114	0.208684654115
     O   112   0.580944   0.864594   0.634216      2.70737	   0.1973	0.223349253655
     O   113   0.319447   0.381421   0.135365      9.75276	  -0.0250	-0.0741276006989
     O   114   0.819665   0.381299   0.135662      8.83303	  -0.0376	-0.0728924156209
     O   115   0.320960   0.881883   0.135628      6.56919	   0.0034	-0.0311855367543
     O   116   0.820521   0.882546   0.135328      5.12463	  -0.0143	-0.0249232412831
     O   117   0.180274   0.118818   0.865149      6.93802	   0.2842	-0.0400316072583
     O   118   0.680799   0.119310   0.862082      6.37532	   0.1119	-0.0353363566956
     O   119   0.178156   0.619728   0.861730      5.03207	   0.0265	0.00718539695303
     O   120   0.678602   0.616734   0.865315      4.30769	   0.0033	0.0204754555543
     O   121   0.180001   0.381345   0.363593      8.83660	  -0.0391	-0.0618525833465
     O   122   0.679850   0.381292   0.363572      7.86242	  -0.0276	-0.0596087269127
     O   123   0.179643   0.881857   0.363200      5.12328	  -0.0298	0.013300173005
     O   124   0.681960   0.880763   0.365795      3.12551	  -0.0052	0.0453020644727
     O   125   0.319211   0.118624   0.636054      7.63374	   0.0887	-0.0219635926315
     O   126   0.819506   0.119455   0.633269      5.70386	   0.3433	-0.00513541886348
     O   127   0.319735   0.618964   0.635872      5.98931	   0.0280	0.0414098854207
     O   128   0.817384   0.619644   0.636262      3.13857	   0.0326	0.151077310466
     O   129   0.052817   0.292033   0.136005     10.12478	  -0.0474	-0.0766911416267
     O   130   0.552651   0.292138   0.135518     10.16465	  -0.0404	-0.0767922552379
     O   131   0.053157   0.792195   0.135199      5.07673	   0.0515	-0.0236245062612
     O   132   0.553624   0.792143   0.136579      5.14609	  -0.0066	-0.0242649403122
     O   133   0.446776   0.208080   0.863386      8.68352	   0.0341	-0.0576624991676
     O   134   0.946854   0.207803   0.863563      7.65179	   0.0457	-0.054697550181
     O   135   0.448397   0.707795   0.862728      4.98420	   0.1298	0.0279312199502
     O   136   0.943371   0.708469   0.861559      2.83831	   0.0953	0.0766034330792
     O   137   0.446731   0.292131   0.363253      9.72651	  -0.0406	-0.0663539325108
     O   138   0.946936   0.292086   0.363846      9.30794	  -0.0435	-0.065088187239
     O   139   0.443953   0.792009   0.362397      4.25683	   0.0097	0.0248858719142
     O   140   0.945981   0.792532   0.364028      3.14621	  -0.0106	0.0519050160138
     O   141   0.053105   0.207820   0.636726      7.64616	   0.0418	-0.0414204753131
     O   142   0.551879   0.208101   0.635459      7.76685	   0.0234	-0.0421611453965
     O   143   0.043845   0.710755   0.634202      2.74995	   0.1788	0.21469303368
     O   144   0.556906   0.707059   0.636387      3.11557	   0.0996	0.172305119771
     O   145   0.303161   0.042256   0.136169      7.67113	  -0.0251	-0.0527884312928
     O   146   0.803035   0.042464   0.136226      6.51593	  -0.0214	-0.0495011208441
     O   147   0.302675   0.542083   0.135922      7.76609	  -0.0311	-0.0543105392387
     O   148   0.802641   0.542058   0.135705      6.63318	  -0.0117	-0.0511679886129
     O   149   0.195829   0.458600   0.863044      7.25107	   0.0351	-0.0440811714954
     O   150   0.696667   0.457600   0.863276      6.61067	   0.0343	-0.0400745418994
     O   151   0.198560   0.956900   0.861427      4.98689	   0.0957	0.0116708244004
     O   152   0.690984   0.961113   0.872568      4.08907	   0.6657	0.0258441839227
     O   153   0.197171   0.042159   0.363983      6.65293	   0.0040	-0.0276556498856
     O   154   0.697628   0.042239   0.364060      5.11877	  -0.0176	-0.0167466106659
     O   155   0.196904   0.541966   0.363963      6.76746	  -0.0101	-0.0303066571856
     O   156   0.697055   0.541995   0.363543      5.27047	  -0.0292	-0.0204106491313
     O   157   0.301576   0.458398   0.635804      7.74642	   0.0189	-0.0274589466169
     O   158   0.802721   0.457972   0.635748      6.00107	   0.0379	-0.0136449830863
     O   159   0.304834   0.958291   0.632995      5.71208	   0.3689	0.0499919416121
     O   160   0.801418   0.955389   0.640849      2.80891	   0.0955	0.192733308862
     O   161   0.068991   0.453017   0.133459      7.94788	  -0.0453	-0.0660975753381
     O   162   0.569081   0.452994   0.133420      7.95250	  -0.0419	-0.066104583234
     O   163   0.069853   0.953139   0.131693      5.79897	   0.0059	-0.0367921952883
     O   164   0.569215   0.953083   0.135460      5.79939	   0.0455	-0.036779219955
     O   165   0.429800   0.047521   0.865812      6.61697	   0.0273	-0.0220029883414
     O   166   0.929140   0.047334   0.864788      5.01068	   0.0307	-0.00751223772942
     O   167   0.429447   0.546870   0.865798      6.61565	   0.0926	-0.0219164786721
     O   168   0.930155   0.547032   0.865320      5.00995	   0.1310	-0.00757428526865
     O   169   0.430417   0.452922   0.365718      7.48277	  -0.0467	-0.0503216064195
     O   170   0.930377   0.452782   0.366070      6.80709	  -0.0457	-0.0467746911169
     O   171   0.430880   0.952692   0.366884      5.14149	   0.0306	-0.000100897507101
     O   172   0.932442   0.954735   0.365345      4.13942	  -0.0034	0.0154873977816
     O   173   0.069992   0.047407   0.634355      5.11258	   0.0463	0.0252835204368
     O   174   0.569380   0.046792   0.634045      5.09984	   0.0397	0.0257894940113
     O   175   0.067521   0.547976   0.632530      5.08172	   0.0982	0.0264556755393
     O   176   0.568209   0.546160   0.633427      5.12263	   0.1143	0.0248863801367
     O   177   0.318915   0.203233   0.133449      9.63218	  -0.0105	-0.0734066807073
     O   178   0.819063   0.203321   0.133658      8.70414	  -0.0245	-0.0721112176717
     O   179   0.320085   0.702473   0.133770      6.62734	  -0.0009	-0.0320730681576
     O   180   0.819249   0.702729   0.133825      5.18456	  -0.0244	-0.0258571061055
     O   181   0.180334   0.297341   0.865975      9.69082	   0.0097	-0.0632905823888
     O   182   0.680273   0.297039   0.865534      9.30447	   0.0190	-0.0619542648507
     O   183   0.191145   0.794274   0.874983      4.09748	   0.7282	0.0392438226829
     O   184   0.682323   0.795700   0.866303      2.87972	   0.1348	0.0822112509388
     O   185   0.180915   0.203239   0.366042      8.69254	  -0.0259	-0.0605286691085
     O   186   0.680332   0.203275   0.365589      7.69839	  -0.0205	-0.0581272376843
     O   187   0.179829   0.702700   0.366168      5.15811	  -0.0263	0.0125999242024
     O   188   0.681545   0.703476   0.368582      3.19270	  -0.0394	0.0439793656204
     O   189   0.318526   0.297303   0.633412     10.20028	   0.0202	-0.0526324107433
     O   190   0.818928   0.296904   0.633635      8.84313	   0.0135	-0.0486763025704
     O   191   0.321588   0.796617   0.632656      5.06929	   0.1427	0.100242333694
