#Defect position (frac)
# 0.819281  0.797042  0.633735
#        -----coordinations (frac)-----   dist.(init)[A]   dist.(final)[A]  disp.[A]  angle[deg.]
Li    1   0.11954    0.04125    1.023749        5.543            6.210         1.695         121.98819489046649
Li    2   0.61929    0.04261    1.111442        7.396            6.717         1.692         105.75224093230443
Li    3   0.12107    0.53929    1.021470        5.734            6.374         1.711         142.24583775196945
Li    4   0.45365    0.53885    1.079665        7.540            7.550         0.024         -
Li    5   0.37903    0.45963    0.067664        8.822            8.825         0.005         -
Li    6   0.87934    0.45867    0.156225        7.634            7.648         0.021         -
Li    7   0.37981    0.96201    0.069599        7.109            7.109         0.043         -
Li    8   0.87714    0.96879    0.167628        5.566            5.550         0.198         95.8355847599405
Li    9   0.29758    0.04137    0.550893        6.681            6.715         0.036         -
Li   10   0.80035    0.04486    0.635666        4.309            4.389         0.113         138.49356476288762
Li   11   0.29515    0.53887    0.551705        6.840            6.855         0.024         -
Li   12   0.79465    0.53741    0.639769        4.552            4.601         0.051         -
Li   13   0.03671    0.45897    0.504367        6.566            6.583         0.021         -
Li   14   0.53641    0.45916    0.592818        6.623            6.637         0.019         -
Li   15   0.03981    0.96391    0.500173        3.978            4.070         0.098         -
Li   16   0.53853    0.95806    0.595750        4.070            4.038         0.037         -
Li   17   0.20274    0.29078    1.035423        10.085            10.094         0.013         -
Li   18   0.87061    0.29083    1.154603        9.994            9.944         1.704         96.76778364018767
Li   19   0.37516    0.78925    1.067443        5.062            6.517         1.751         141.25589851059974
Li   20   0.70379    0.78806    1.121881        4.878            4.893         0.041         -
Li   21   0.12842    0.21188    0.025855        8.586            8.623         0.045         -
Li   22   0.62869    0.21144    0.112444        8.905            8.926         0.030         -
Li   23   0.13325    0.70488    0.029924        4.771            4.865         0.112         115.53535925661136
Li   24   0.62866    0.70887    0.114702        5.325            5.306         0.035         -
Li   25   0.04576    0.29081    0.507167        9.165            9.179         0.018         -
Li   26   0.54532    0.29038    0.595287        9.159            9.164         0.015         -
Li   27   0.04080    0.78936    0.506521        2.810            2.779         0.050         -
Li   28   0.52674    0.78749    0.582923        2.793            2.985         0.222         31.533089857983924
Li   29   0.28712    0.21103    0.547831        8.870            8.891         0.030         -
Li   30   0.78759    0.21144    0.636530        7.311            7.339         0.034         -
Li   31   0.28359    0.70787    0.548475        5.265            5.246         0.050         -
Li   32   0.79333    0.69782    0.630838        1.580            1.775         0.237         36.93984070705403
Li   33   0.04234    0.12642    0.507718        6.432            6.457         0.028         -
Li   34   0.53750    0.12552    0.590471        6.457            6.482         0.058         -
Li   35   0.04313    0.62193    0.502692        4.119            4.188         0.074         -
Li   36   0.54172    0.62487    0.595916        4.158            4.158         0.006         -
Li   37   0.29074    0.37479    0.549460        9.027            9.030         0.018         -
Li   38   0.79119    0.37450    0.638397        7.473            7.481         0.015         -
Li   39   0.28726    0.87309    0.542198        5.257            5.237         0.097         -
Li   40   0.80135    0.88434    0.635873        1.412            1.556         0.201         47.073404005272835
Li   41   0.37698    0.12584    0.068311        8.720            8.728         0.029         -
Li   42   0.70814    0.12723    0.124138        7.507            7.603         1.703         93.7377232157212
Li   43   0.37544    0.62336    0.068752        7.186            7.202         0.037         -
Li   44   0.87460    0.62200    0.159166        5.653            5.643         0.070         -
Li   45   0.12472    0.37497    0.022536        8.708            8.709         0.006         -
Li   46   0.62497    0.37480    0.110750        9.052            9.054         0.005         -
Li   47   0.13957    0.87721    0.034439        4.688            4.863         0.180         158.15399122603836
Li   48   0.62056    0.87175    0.118984        5.300            5.223         0.117         131.76033917123726
Li   49  -0.04174    0.04348    0.243808        6.080            6.091         0.029         -
Li   50   0.45830    0.04268    0.331705        6.131            6.136         0.014         -
Li   51  -0.04188    0.54155    0.419114        6.208            5.272         1.707         102.90222312901611
Li   52   0.45811    0.54157    0.331568        6.258            6.262         0.011         -
Li   53  -0.12612    0.45713    0.903991        6.079            6.543         1.706         76.940540507383
Li   54   0.37337    0.45689    0.815410        7.934            7.954         0.022         -
Li   55  -0.12673    0.95643    0.902588        3.013            3.812         1.694         75.66914913698366
Li   56   0.37022    0.96249    0.817114        5.922            6.002         0.092         -
Li   57   0.20797    0.29242    0.286613        10.423            10.428         0.007         -
Li   58   0.70827    0.29232    0.374651        9.126            9.132         0.007         -
Li   59   0.20826    0.79159    0.287467        5.653            5.649         0.011         -
Li   60   0.70852    0.79179    0.378662        2.571            2.539         0.035         -
Li   61   0.12468    0.20964    0.771352        7.947            7.975         0.030         -
Li   62   0.62344    0.21004    0.859791        7.948            7.984         0.038         -
Li   63   0.13175    0.70448    0.772558        3.575            3.667         0.098         -
Li   64   0.61763    0.69955    0.878755        3.579            3.820         0.253         18.4448738836804
Ti   65  -0.04176    0.20893    0.242949        8.438            8.441         0.007         -
Ti   66   0.45846    0.20935    0.330666        8.475            8.486         0.014         -
Ti   67  -0.04155    0.70852    0.418071        4.543            3.143         1.696         104.47744149292942
Ti   68   0.45759    0.70807    0.330122        4.611            4.622         0.013         -
Ti   69  -0.12549    0.29227    0.727491        8.801            8.816         0.016         -
Ti   70   0.37366    0.29206    0.814604        10.171            10.182         0.018         -
Ti   71  -0.10210    0.78858    0.749314        0.991            1.275         0.298         129.2809594442803
Ti   72   0.37603    0.78807    0.814725        5.194            5.174         0.063         -
Ti   73   0.20802    0.45808    0.285753        8.234            8.244         0.013         -
Ti   74   0.70810    0.45805    0.374848        6.515            6.525         0.010         -
Ti   75   0.20806    0.95983    0.287830        6.334            6.336         0.024         -
Ti   76   0.70780    0.95934    0.376656        3.843            3.845         0.022         -
Ti   77   0.12258    0.04353    0.773159        5.384            5.407         0.045         -
Ti   78   0.62647    0.04717    0.854504        5.387            5.435         0.119         161.39659504293667
Ti   79   0.12228    0.54089    0.770717        5.546            5.540         0.024         -
Ti   80   0.62324    0.53926    0.859031        5.548            5.580         0.041         -
Ti   81  -0.04176    0.37484    0.419021        8.602            7.948         1.706         101.2614422695576
Ti   82   0.45810    0.37514    0.330327        8.638            8.634         0.008         -
Ti   83  -0.04147    0.87470    0.416623        4.481            3.063         1.682         104.57230794001543
Ti   84   0.45777    0.87550    0.330646        4.550            4.558         0.014         -
Ti   85  -0.12384    0.12662    0.729735        5.889            5.918         0.036         -
Ti   86   0.37305    0.12658    0.815057        7.789            7.814         0.029         -
Ti   87  -0.12853    0.62352    0.903634        3.196            4.006         1.707         74.59691504760232
Ti   88   0.37378    0.62232    0.815626        6.017            6.047         0.052         -
Ti   89   0.20868    0.12585    0.285907        8.097            8.118         0.021         -
Ti   90   0.70817    0.12575    0.373855        6.342            6.362         0.021         -
Ti   91   0.20821    0.62393    0.287872        6.421            6.422         0.019         -
Ti   92   0.70787    0.62393    0.374191        3.986            4.003         0.018         -
Ti   93   0.12410    0.37525    0.771334        8.124            8.122         0.004         -
Ti   94   0.62407    0.37408    0.859632        8.125            8.143         0.021         -
Ti   95   0.13370    0.87911    0.766974        3.495            3.594         0.133         136.4480752923079
Ti   96   0.61035    0.88484    0.875909        3.498            3.776         0.285         13.48086386241576
O    97   0.04708    0.13144    0.144287        7.808            7.809         0.003         -
O    98   0.54725    0.13142    0.232049        7.364            7.368         0.007         -
O    99   0.04718    0.63134    0.143813        5.881            5.877         0.005         -
O   100   0.54687    0.63131    0.233099        5.278            5.277         0.006         -
O   101   0.28482    0.36890    0.913226        9.142            9.134         0.010         -
O   102   0.78522    0.36864    1.002093        8.407            8.406         0.004         -
O   103   0.28805    0.86921    0.910695        5.268            5.281         0.047         -
O   104   0.77975    0.86170    0.982935        3.854            3.652         0.225         154.63415590787707
O   105   0.36935    0.13148    0.428845        7.577            7.579         0.004         -
O   106   0.86922    0.13164    0.517580        6.058            6.063         0.006         -
O   107   0.36915    0.63135    0.429368        5.572            5.571         0.003         -
O   108   0.87069    0.62996    0.515695        3.213            3.244         0.033         -
O   109  -0.03737    0.36872    0.629031        7.724            7.723         0.007         -
O   110   0.46302    0.36863    0.717211        8.521            8.524         0.006         -
O   111  -0.03799    0.86572    0.632906        1.961            1.912         0.065         -
O   112   0.47478    0.86459    0.717913        4.098            3.968         0.138         162.1471407698947
O   113   0.29684    0.38142    0.187770        9.690            9.693         0.008         -
O   114   0.79716    0.38130    0.276457        8.111            8.112         0.004         -
O   115   0.29831    0.88188    0.188292        6.483            6.478         0.016         -
O   116   0.79807    0.88255    0.276285        3.729            3.744         0.024         -
O   117   0.03528    0.11882    0.871132        6.392            6.397         0.012         -
O   118   0.53646    0.11931    0.956610        7.344            7.339         0.023         -
O   119   0.03373    0.61973    0.867440        4.293            4.262         0.032         -
O   120   0.53372    0.61673    0.959359        5.613            5.650         0.041         -
O   121   0.11909    0.38134    0.384528        8.485            8.485         0.003         -
O   122   0.61909    0.38129    0.472843        7.726            7.727         0.004         -
O   123   0.11880    0.88186    0.384084        4.486            4.492         0.012         -
O   124   0.62083    0.88076    0.475373        2.797            2.772         0.026         -
O   125   0.21266    0.11862    0.673441        6.970            6.965         0.007         -
O   126   0.71357    0.11945    0.759154        5.964            5.970         0.030         -
O   127   0.21322    0.61896    0.673358        5.115            5.111         0.005         -
O   128   0.71094    0.61964    0.761682        3.625            3.619         0.031         -
O   129   0.03003    0.29203    0.141271        10.095            10.094         0.003         -
O   130   0.53009    0.29214    0.229131        9.843            9.849         0.008         -
O   131   0.03051    0.79220    0.140549        5.025            5.017         0.011         -
O   132   0.53089    0.79214    0.230332        4.498            4.492         0.007         -
O   133   0.30215    0.20808    0.916518        8.981            8.981         0.004         -
O   134   0.80234    0.20780    1.005065        8.124            8.120         0.004         -
O   135   0.30388    0.70779    0.916167        5.502            5.515         0.020         -
O   136   0.79919    0.70847    1.002506        3.952            3.931         0.039         -
O   137   0.38596    0.29213    0.431336        9.878            9.881         0.006         -
O   138   0.88621    0.29209    0.520309        8.866            8.868         0.002         -
O   139   0.38332    0.79201    0.430014        4.573            4.604         0.031         -
O   140   0.88522    0.79253    0.520316        1.395            1.387         0.014         -
O   141  -0.05363    0.20782    0.627067        7.391            7.387         0.006         -
O   142   0.44550    0.20810    0.713982        8.327            8.332         0.013         -
O   143  -0.06247    0.71076    0.622982        2.060            1.969         0.105         42.89875803472117
O   144   0.45037    0.70706    0.715771        4.354            4.326         0.042         -
O   145   0.28042    0.04226    0.185672        7.773            7.776         0.005         -
O   146   0.78043    0.04246    0.274066        5.528            5.534         0.009         -
O   147   0.27997    0.54208    0.185346        7.874            7.877         0.005         -
O   148   0.78012    0.54206    0.273492        5.669            5.671         0.007         -
O   149   0.05119    0.45860    0.871838        6.725            6.711         0.016         -
O   150   0.55213    0.45760    0.960573        7.519            7.524         0.009         -
O   151   0.05419    0.95690    0.870753        4.167            4.155         0.036         -
O   152   0.54489    0.96111    0.968582        5.355            5.481         0.127         7.667688814463759
O   153   0.13620    0.04216    0.387941        6.146            6.148         0.004         -
O   154   0.63679    0.04224    0.476458        4.869            4.870         0.009         -
O   155   0.13594    0.54197    0.387874        6.274            6.272         0.002         -
O   156   0.63630    0.54199    0.475855        5.029            5.029         0.003         -
O   157   0.19506    0.45840    0.670082        7.129            7.116         0.017         -
O   158   0.69636    0.45797    0.758592        6.290            6.290         0.006         -
O   159   0.19879    0.95829    0.667933        4.792            4.816         0.040         -
O   160   0.69421    0.95539    0.763311        3.421            3.411         0.069         -
O   161   0.04663    0.45302    0.141660        7.926            7.923         0.004         -
O   162   0.54688    0.45299    0.229999        7.515            7.517         0.003         -
O   163   0.04779    0.95314    0.140098        5.778            5.768         0.022         -
O   164   0.54667    0.95308    0.232002        5.199            5.191         0.017         -
O   165   0.28476    0.04752    0.915872        6.769            6.767         0.013         -
O   166   0.78442    0.04733    1.003123        5.742            5.738         0.020         -
O   167   0.28441    0.54687    0.915796        6.769            6.761         0.013         -
O   168   0.78534    0.54703    1.003818        5.742            5.736         0.010         -
O   169   0.36922    0.45292    0.430844        7.709            7.711         0.006         -
O   170   0.86927    0.45278    0.519540        6.223            6.227         0.005         -
O   171   0.36949    0.95269    0.432057        5.475            5.471         0.008         -
O   172   0.87146    0.95473    0.519201        3.047            3.082         0.038         -
O   173  -0.03634    0.04741    0.627751        4.670            4.677         0.011         -
O   174   0.46324    0.04679    0.715703        5.891            5.888         0.005         -
O   175  -0.03851    0.54798    0.625544        4.670            4.650         0.026         -
O   176   0.46217    0.54616    0.714897        5.891            5.908         0.019         -
O   177   0.29663    0.20323    0.185817        9.568            9.575         0.006         -
O   178   0.79689    0.20332    0.274408        7.963            7.969         0.007         -
O   179   0.29775    0.70247    0.186335        6.539            6.534         0.012         -
O   180   0.79705    0.70273    0.274602        3.823            3.824         0.004         -
O   181   0.03520    0.29734    0.871944        9.318            9.311         0.007         -
O   182   0.53535    0.29704    0.959866        9.997            9.996         0.008         -
O   183   0.04450    0.79427    0.882592        2.928            3.053         0.133         111.05713536123355
O   184   0.53728    0.79570    0.960975        4.658            4.648         0.029         -
O   185   0.11960    0.20324    0.387066        8.328            8.334         0.006         -
O   186   0.61923    0.20328    0.474884        7.557            7.564         0.009         -
O   187   0.11849    0.70270    0.386996        4.534            4.530         0.010         -
O   188   0.61995    0.70348    0.478003        2.882            2.864         0.025         -
O   189   0.21242    0.29730    0.670757        9.718            9.711         0.009         -
O   190   0.71293    0.29690    0.759406        9.021            9.019         0.004         -
O   191   0.21561    0.79662    0.670566        4.025            4.051         0.028         -
